5000 10132
4984 4813
426 3392
426 1095
426 2708
426 3096
426 937
426 2811
426 3868
1346 4569
1346 4950
3050 3704
2315 1750
2315 3897
2315 3029
2315 1620
2700 798
2700 4646
2700 3154
2700 133
2700 1263
4718 538
4718 3373
4718 3605
3395 3572
926 1062
926 4627
926 1441
896 1801
896 1420
896 3031
896 4473
896 1980
896 4274
4520 1378
4520 4791
4520 202
4520 27
3392 1983
3392 2159
3392 2120
3392 3547
3392 1843
3392 3109
3392 1096
3392 231
810 3066
810 4459
810 4384
810 2813
4086 1925
4086 1656
4245 4373
4245 2375
4245 2248
4245 4764
4245 3083
2364 1967
2364 3550
2364 4381
2364 2578
4816 421
4816 4797
4816 2839
4816 1439
4816 1836
3662 1600
3662 4851
3662 4714
4682 1835
4682 1419
4682 2084
4682 1840
2355 2632
2355 1198
2355 1231
4523 99
4523 795
4523 1233
2803 618
2803 1938
2803 4420
2803 3301
3641 601
3641 1978
3641 138
3641 3051
2440 185
2440 1174
2440 1191
1282 1125
1282 4525
1282 2041
4511 378
4511 566
4511 3586
962 125
962 1842
962 1475
962 3305
4498 4743
4498 3133
3146 2655
3146 4686
1890 147
1890 4898
1890 1320
1890 15
1890 1525
1890 3589
2837 3389
2837 4788
2837 3451
2837 4771
4709 2961
4709 1320
4709 282
4709 3702
2801 2943
2801 1631
2801 3867
2801 4685
2801 483
2801 3938
3746 2574
1218 1725
1218 1178
1218 1641
1218 1275
1218 305
1218 3150
4359 4852
4359 147
4359 4162
4359 2723
4359 1073
4359 413
4751 2722
4751 3575
4751 2985
4751 122
119 1176
119 1509
119 1187
119 1000
119 4995
3251 1679
3251 573
3251 4269
3251 4380
3251 64
3251 3143
3251 1386
3251 4996
3251 1094
4026 68
4026 1095
4026 907
4026 911
4026 2288
4026 245
4026 3510
4026 2617
4026 2752
4026 1539
4026 4806
4856 254
4856 2467
4856 241
4856 331
4856 3932
4856 4003
2235 272
2235 1774
2235 4093
2235 4855
336 4089
336 3388
336 4478
2572 334
72 1523
72 1215
72 2102
1665 4740
1665 4114
1665 4924
1665 480
1665 3741
2208 194
2208 3721
1099 194
1099 2200
1099 591
4711 108
2103 1671
2103 1354
2103 3736
2103 56
1582 4172
1582 1276
1582 4700
1624 4395
1624 995
1624 4911
1624 1023
3720 3840
3720 2107
977 2910
977 649
977 634
977 3378
977 427
977 4199
583 659
583 2467
583 3011
583 3003
583 3155
469 3549
469 3491
701 3821
701 4243
701 2504
701 3124
701 4279
701 434
701 2404
701 2650
4204 2293
4204 4222
4204 4652
4204 805
4334 113
4334 2375
4334 1752
4334 1575
4334 30
4334 2586
4334 3765
4334 4021
2263 891
2263 2157
2263 714
2263 3890
2734 151
2734 4668
2734 1884
2734 2489
2734 3634
2734 2558
2734 4122
2734 4130
414 2874
414 2217
414 3674
2373 4903
2373 2668
2373 1283
2373 4019
2373 2188
10 4135
10 647
3272 3237
3272 3204
3272 1475
3272 4223
66 3115
66 4723
725 1269
725 1416
725 395
725 996
725 248
725 3651
725 2915
725 2922
725 2102
3848 1402
3848 1165
3848 574
3848 3688
3848 754
3848 1434
628 319
628 448
4105 2911
4105 2918
4105 1538
4105 3585
4105 4455
4105 1240
4105 3510
4105 3386
4105 2642
4105 430
1990 4561
1990 4301
1990 901
1990 4721
1990 4848
1990 192
1990 4996
68 1304
68 1164
68 1080
68 261
68 1970
68 2585
68 497
68 4327
2335 942
2335 103
4759 693
4759 3964
4759 4220
4759 1373
4759 321
4321 1041
4321 3703
1932 2746
1932 3438
1932 4200
1180 775
4237 306
4237 2710
4237 1387
4237 3921
4237 2650
1168 4979
1168 1510
1168 2993
1168 1296
2878 3189
2878 432
2878 3401
2878 3343
4319 2290
4319 1178
4319 3096
4319 4178
4319 2245
4319 1100
4319 425
4319 2938
778 1401
778 4404
2292 3094
2292 2984
2292 4073
2292 154
2292 1577
4891 2154
4891 3623
3169 1183
3169 1007
3169 4313
3169 1547
3169 1746
3169 1167
4425 261
4425 3076
4425 3447
4425 2212
4425 2671
4425 2694
4425 394
4150 4364
4150 4779
768 2918
768 3248
768 2075
768 2460
768 1513
768 1065
768 4358
768 4905
768 1096
768 4996
2744 4752
2744 2434
2744 4871
4201 3012
3345 4133
3345 700
711 1775
1460 2977
1460 137
1460 4666
1460 4505
53 2228
53 2696
53 3909
53 3535
1589 747
1589 4918
1589 1159
1628 2270
1628 4309
1628 1033
157 891
157 3440
157 3793
157 3579
4765 2002
4765 673
561 2202
561 4404
561 4562
4875 2270
4875 381
4875 4155
4875 991
346 2979
346 3869
346 3685
327 834
327 2707
148 381
148 1469
148 2426
148 2016
2282 1130
2282 4611
856 3628
856 798
856 4184
856 4565
856 4446
3886 3088
3886 455
3886 265
4436 465
4436 3306
4436 2149
1614 3054
1614 578
1614 403
1614 1441
1614 1445
1614 2917
3600 2798
1189 4128
1189 3819
1189 2541
1189 2331
1189 4455
1189 622
1189 3386
1189 1598
1189 2721
1301 4525
1301 3113
2866 1718
2866 2701
3821 4395
3821 2495
3821 3700
3821 1217
3821 200
3054 4914
3054 3854
3899 3217
1571 1284
1571 1408
1571 4841
1571 2006
1571 2606
2244 891
2244 3620
2244 1349
2903 2430
2903 4817
2903 569
2903 1808
2666 2229
2666 807
2666 1988
2666 1464
1725 1302
1725 936
1725 3947
1725 2319
1615 297
1615 4281
1615 515
1615 3124
1615 4800
2672 3094
2672 3556
2672 314
2672 3789
2672 4240
3132 280
3132 3992
3132 1372
3132 4375
3132 1517
3132 762
3199 1522
3199 1711
3199 2503
3199 484
3199 3940
2348 2689
2348 4812
2348 4468
2348 928
69 738
69 2281
69 403
3117 1867
3117 417
3117 981
3117 2239
3642 4470
4813 224
4813 2812
4144 2841
4144 1278
4144 1974
4144 4778
4144 2260
4144 4695
4144 1196
4144 2686
4144 1054
2955 3229
2955 4569
2955 1912
2902 166
2902 3530
2997 1572
2997 2702
2997 1523
2997 2100
2997 1028
2997 3240
2997 4996
2997 4843
1415 2524
1415 1064
1415 3185
1415 1706
1415 25
919 1418
919 4064
919 1813
2935 4747
2935 2641
3622 3456
3622 4934
3622 3249
773 4503
3827 1038
3827 4620
3827 1912
1801 2885
1801 2882
1801 4989
1801 1289
1801 680
1801 1107
1801 3219
1801 152
3222 1650
2250 1281
2250 111
2250 1683
4867 2093
4867 584
144 1835
144 1704
144 1721
144 3820
4297 4075
4297 2934
4297 2756
1058 1488
1058 783
3189 1543
3189 2889
1026 4901
1026 1555
1026 3659
1954 272
1954 559
1954 2019
1954 1486
1895 391
1895 270
1895 2929
77 1770
77 253
1623 3687
1750 613
4457 4819
4457 4486
2789 4991
2789 570
2789 4248
2789 1715
2573 4393
2573 311
2573 2535
2573 2094
162 298
162 4261
162 4195
2064 1214
2064 3666
2064 4455
2064 1664
2064 1987
2064 1260
2064 3903
2064 1386
2064 483
2064 2737
1340 2596
1340 2309
1340 514
657 4068
657 1931
657 2827
657 3844
4915 417
4915 1716
4915 1983
4915 2521
2536 4932
2536 1367
3758 240
3758 3413
3758 1446
752 632
752 328
752 1278
752 2533
752 2936
752 3407
752 2234
1361 2977
1361 3730
1361 629
1361 2399
1361 2645
1091 2060
1091 4790
1091 3142
1091 3888
3770 1129
3770 2362
3770 1864
3275 978
3275 1030
1015 3615
1015 1682
1015 300
2032 1835
2032 4445
2032 1153
2032 4175
2032 2629
2032 200
2622 618
2622 1264
4087 3336
4087 4029
4087 3509
4087 3621
4087 1140
1572 3194
1572 2347
1572 4750
1572 3618
1572 1425
1572 3277
4852 2540
4852 4986
4852 3570
4852 4693
4852 25
4852 33
4187 276
4187 901
4187 4854
4187 2698
4187 4018
3884 4393
3884 2084
3884 4256
90 113
90 3667
90 3729
90 2008
90 3736
178 834
178 455
178 3307
178 2069
3766 1347
3766 1533
3766 4255
3766 2157
3766 4452
3766 2154
3766 2725
2687 3031
2687 4781
2687 592
2687 394
2687 881
1368 3088
1368 1902
4638 3913
4638 1144
4638 4008
4638 1993
2437 3819
2437 4840
2437 1625
2437 975
2437 4767
2437 548
3898 1008
3898 1923
3783 1063
3783 2159
3783 359
3783 3618
3783 2146
3783 192
3783 3234
3783 3713
22 3677
22 2279
2693 220
2693 2186
2693 2718
2693 1009
4755 4508
4755 199
1407 1917
1407 3158
1407 2879
1407 1372
1407 2654
3640 4594
3640 2096
1488 2923
1488 1389
1488 2454
1488 943
431 2065
415 3223
415 3820
1867 1523
1867 2123
1867 3709
1867 982
1867 4092
1867 141
1867 507
1867 487
1867 645
1712 41
1712 2408
1712 3730
1712 742
1712 3908
1712 2337
1316 3943
1316 3226
1316 4847
2904 1837
2904 1019
2904 4730
2904 2291
2904 4156
2904 3406
2904 4416
1060 1174
1060 1207
1060 2945
1060 425
1060 409
1060 4413
1060 4694
4291 2885
4291 961
4291 4613
4291 1980
1846 2406
1846 4781
1846 4263
1846 2704
1846 1598
1846 3860
2423 55
2423 998
2423 1179
2423 2757
2423 4021
2233 4386
2233 1122
2233 1553
2233 3895
2829 2969
2829 3352
4547 1647
4547 1889
3957 1889
4137 2417
4137 2370
4137 3584
4137 4719
4137 736
2317 2029
2317 1603
2317 4564
3571 1385
3571 2223
3571 2149
3206 3806
3206 3835
3206 4074
3206 3409
2252 3328
2252 1010
2252 3558
1591 2156
1591 889
2312 2735
2312 632
2312 4310
2312 1773
2312 4391
2312 4247
2312 2957
2312 3097
2933 3721
2933 4773
2933 2186
3268 4825
3268 2232
3268 2254
3268 4262
240 4577
240 2304
240 3036
2455 1824
2455 4258
3331 3505
3331 2403
3331 3982
3331 4008
2644 1853
2644 2973
2644 2461
853 472
853 2598
853 3586
853 4217
853 4312
3276 4448
3276 796
3276 1934
2545 709
2545 378
2545 4534
2633 4770
2633 1126
2633 564
2633 1148
3194 1280
3194 3457
3194 2809
3194 3869
3194 388
3194 3786
3194 2811
3194 3240
407 4001
407 2758
407 1379
407 2028
407 4413
1707 1092
1707 1393
1707 2121
1707 2013
3594 1904
3594 3156
4104 1856
4104 3076
4104 2068
4104 4493
4104 4365
4104 2979
4104 1886
4104 3342
4104 4843
4027 3806
4027 3810
4027 3904
4801 2035
4801 2497
4801 1903
360 2287
360 4277
360 552
360 1886
360 3963
360 4630
360 259
4572 2436
4572 2010
4572 2399
2420 3751
2420 282
2420 92
2920 131
2920 4325
2920 4524
2920 1113
216 4139
216 201
216 1116
216 3333
216 1625
216 248
216 2913
659 3388
659 2462
2735 294
2735 467
2735 460
2735 3880
2735 4392
2735 4845
2735 223
2735 3853
2733 3544
2733 767
2733 2566
2733 3596
4743 4320
3328 1311
3328 774
3328 1711
3328 3445
4931 304
4931 1410
4931 1871
470 2351
470 2831
470 1926
470 1090
4410 1508
4410 3145
2456 1830
3705 1157
3705 4961
3705 1365
1612 898
1612 4097
1612 2411
2787 1214
2787 4668
2787 218
2787 1172
2787 3277
2310 611
1269 1852
1269 787
1269 2322
1269 3947
1269 799
1269 645
1269 1358
1269 1658
4805 4543
4805 2858
4805 1796
4805 4895
4805 233
4805 2606
1967 2570
1967 828
1967 3549
1967 2871
2874 2751
2874 4551
2874 2448
2874 1124
2874 1733
99 2453
99 1909
99 1510
99 3502
254 126
254 4461
254 4107
254 3596
4795 1075
4795 349
4795 3709
4795 4786
4795 3109
4795 1161
4795 215
4795 4122
4795 225
4795 139
4795 3342
4273 396
4273 2708
4273 317
4273 3618
4273 1071
4273 2245
4273 840
4273 4586
1432 2029
1432 3787
1432 3525
3704 1730
3704 1253
757 4992
611 4508
611 3287
611 1121
611 2982
611 2818
611 3432
3259 2930
3259 4401
3259 4706
2101 4798
2101 4320
3399 4464
3399 1900
3399 3926
922 1471
922 2669
1092 770
1092 3469
1092 714
1092 158
113 4953
113 2495
113 4414
3544 3068
3544 1945
713 1802
713 2647
713 2197
713 1987
713 1199
3573 3555
3573 3657
3573 3871
938 2393
938 717
938 241
938 997
938 3125
938 1870
2807 3834
1991 681
1991 288
1991 2180
1991 3689
4288 2033
4288 2425
4288 286
4288 4821
3258 4633
3258 197
3258 2641
3417 669
3417 1619
3417 503
2907 2828
2907 4260
2907 2827
2907 3554
4429 4892
2330 1878
2330 2395
2330 3048
2995 3686
2995 477
2995 1107
2995 869
1185 3027
1185 4055
1185 3165
1185 2523
1185 1370
1185 4200
492 2083
492 2390
492 4676
492 1098
492 252
492 2031
492 3693
1426 1314
1426 2499
1426 1497
2990 2467
2990 3073
2990 666
2990 4378
2990 3703
3300 4899
3300 3491
3423 566
3423 1326
1323 3073
1323 1043
1323 235
3923 4290
3923 3201
3923 4333
3463 3512
3463 1734
3463 809
1958 3165
1958 4570
3479 3881
3479 536
4 3574
4 2141
1304 551
1304 1989
1304 1255
1304 2240
1304 2942
1304 2389
1304 2127
4578 3011
4578 880
4578 2854
3035 1796
3035 4973
3035 4052
4173 1523
4173 1178
4173 1065
4173 4861
4173 2952
4173 1799
4173 4531
4173 1529
4173 2747
1192 4109
1192 3026
1192 1114
1192 4861
1192 3938
1192 3946
3371 75
3371 2912
3371 4981
3371 206
3371 2042
2104 3487
2104 1908
2104 4269
2104 299
2104 4955
2104 4684
2104 1425
2104 1100
2104 2239
4914 1581
4914 904
4914 155
4914 1542
4914 1507
4914 4264
177 4717
177 38
3488 2283
3488 704
2332 2270
2332 4118
2332 3379
2332 903
2332 130
2806 3952
2806 128
408 2027
408 2108
408 1921
4431 313
4431 208
243 4960
243 2941
3676 4253
3676 2237
3676 2821
3676 3626
3676 3694
3676 1746
3281 3913
3281 3291
3281 4706
3376 631
3376 2518
3376 3195
2430 3460
2430 3343
2923 2549
3616 4730
3616 4038
3616 2977
3616 3071
3616 4021
393 4535
393 504
393 2514
393 3065
393 2759
185 445
185 1879
185 132
185 1318
185 4658
185 3946
635 2296
635 329
635 3767
2679 3724
3937 4426
3937 447
3937 794
3937 3935
3937 535
3937 4274
3937 4595
572 3136
572 1640
572 1329
3733 775
3733 3306
3733 3149
4373 3402
4373 2300
4373 1462
4373 3706
4373 4363
4373 1112
4350 31
4350 4136
4350 3966
4350 364
1158 1983
1158 1764
1158 2708
1158 902
1158 3263
1158 565
1158 257
1158 3453
1158 139
1158 2883
1158 2938
410 3106
410 2307
410 4842
1142 334
1142 1998
1142 1964
1142 4992
123 4333
123 170
3256 2685
3256 274
3256 2925
3256 4024
3256 2756
729 520
729 3832
729 1037
729 4549
729 4227
1465 3367
1465 3515
1465 2834
4033 1310
4033 1392
4033 2022
4033 4602
626 4921
626 1035
626 3140
3297 374
3297 582
4787 2501
4441 1272
4441 2185
4441 4538
4441 2558
4441 3143
4441 3186
4441 2737
4441 4130
1953 2751
1953 1528
1953 1578
868 3864
868 781
4393 782
4393 111
4393 3393
4393 4422
4071 97
4071 4668
4071 1631
4071 437
4071 3209
4071 4989
4071 1100
4071 3510
4071 2564
3512 1894
2467 4673
2467 717
2467 476
4518 3106
4518 3880
4518 718
4518 354
4518 1101
4518 1390
2964 3095
2964 4119
3180 2574
3180 797
3180 4271
3171 1383
3171 1375
3034 465
3034 4616
2728 4053
2728 1622
2805 3212
2805 181
1781 3359
1781 84
1781 3892
1781 4863
4513 1416
4513 3695
4513 225
698 935
698 1927
698 2600
698 2289
627 1369
627 2500
627 18
2183 1546
2183 3977
2772 489
2772 2447
2772 742
2105 3666
2105 3819
2105 127
2105 2239
2105 623
2105 4047
2105 1626
2397 3797
2397 1754
3218 3287
3218 886
3218 4242
3218 877
3218 4078
2148 615
2148 634
2125 3887
55 4970
55 3729
55 2359
55 466
55 4917
607 2141
3316 2458
3316 3784
3316 3208
3316 1329
3316 765
2956 1307
2956 2166
2956 739
2956 2966
4763 1509
4763 2659
4763 2408
4763 774
4763 4243
4763 4509
4763 2410
4763 458
4763 2645
1821 608
1821 4510
3046 2531
3046 1621
3046 8
3046 2953
3046 4454
3046 4120
3046 1452
2346 585
2346 198
2346 4590
3731 186
3731 1230
3731 1010
3731 1814
4811 2911
4811 3031
4811 3874
4811 905
4811 1215
3751 1419
3751 15
3751 3123
3751 4994
3751 2870
3751 491
3751 3028
3751 4849
2530 437
2530 1502
2530 2225
2530 1275
2530 1094
1174 4485
24 1925
24 4844
24 1824
948 1281
948 4132
4515 76
4515 2777
4515 1003
4515 734
4515 2654
374 1871
374 4307
4463 893
4463 3290
3061 509
3061 3599
3061 3453
3061 3860
3061 4729
4857 618
4857 4149
4857 4384
4857 3016
4857 3254
217 4637
217 3991
1176 4058
1176 1732
1176 4444
1176 998
1176 4414
1176 4069
1176 2449
1110 1343
1110 3979
4701 1631
4701 4348
4701 731
4701 799
4701 3938
4701 2737
1995 4966
1995 424
1995 1448
1651 2329
1651 494
1651 1184
1651 816
1284 4052
1284 2656
2753 932
2753 4707
1391 1447
1391 397
1391 2030
1391 1048
1391 3916
1391 2713
1944 1013
106 1594
106 1793
106 833
456 2541
456 245
456 401
456 2694
456 4729
3212 310
3212 3156
3212 4723
1835 287
1835 4329
1835 3756
1835 2078
4591 3486
4591 3637
4591 963
3667 4777
3667 1139
3667 1179
3667 581
2374 3156
2576 4108
2576 2578
4103 459
4103 3508
4103 549
615 972
615 59
615 4720
615 1519
615 2690
615 2036
4925 526
4925 4396
638 1481
638 3566
638 2090
638 2363
1095 4597
1095 4500
1095 299
1095 3903
1922 2822
1922 3253
1922 348
1922 1309
3902 2858
3902 137
3902 1073
3902 458
3902 1794
3902 2399
3902 4336
1454 578
1454 3698
1454 3202
1454 4019
3077 2378
3077 1569
3077 2975
4671 164
4671 3934
4671 4681
4671 466
3335 193
764 1693
764 2999
764 4414
764 3769
764 1814
764 2337
2369 3179
2369 563
2369 230
4157 356
907 3114
907 2872
907 261
907 4840
907 482
907 192
907 231
3574 174
3574 3875
3574 2162
942 4665
942 1880
942 3559
942 2716
942 3182
777 452
777 557
777 275
2466 3310
2466 4768
2466 812
4899 1388
4899 2344
4899 1370
4899 4869
4899 2798
2909 3952
2909 1819
417 1949
417 365
417 1468
417 28
417 1565
417 3211
417 149
417 324
417 2721
417 3788
3878 2483
3878 4294
3878 2665
3878 1021
3308 2108
3308 308
3308 3897
987 4976
987 2059
987 102
987 986
4494 1959
4494 1526
1837 1230
1837 3475
1837 4681
1837 2019
1837 1217
1014 691
1014 4756
1115 2365
1115 3249
1115 4696
2599 4486
2599 732
2599 1303
2599 3491
2599 3038
3893 3970
3893 3421
3893 2496
3893 4771
3893 2429
3893 894
4428 2526
4428 4005
4428 4965
4428 4776
3802 1050
3802 4444
3802 845
3802 2639
3802 2650
4372 3163
4372 4712
4372 3160
4372 740
4372 766
4372 4483
1408 2375
1408 4395
1408 4029
1408 1366
1408 4958
1408 3445
1408 2601
1408 2078
4044 553
4044 4557
4044 4689
1762 3969
1762 1809
1762 223
1762 3853
4974 873
4974 2122
4974 3895
4665 582
4665 4000
4785 2810
4785 1724
4785 3692
631 1106
631 2435
4628 2918
4628 1606
4628 1523
4628 1162
4628 4685
4628 3851
3250 930
4942 3213
4942 707
4942 2182
4942 2600
4942 3305
4352 927
4352 4631
4352 3327
4581 4625
4581 258
4581 953
278 2470
278 4589
2560 2991
2560 2768
2845 1732
2845 3522
2845 737
2845 462
2845 2719
2845 3782
2845 2337
2354 4411
2354 2380
2354 4094
4382 4394
4382 4573
4382 3457
4382 4133
4382 344
4382 822
4302 164
4302 1765
4302 2426
4936 1506
4936 1234
4936 2913
4936 736
4571 63
4571 1797
4571 4475
4571 12
4571 4587
4571 2517
4571 2912
4253 1381
4253 908
4253 3831
4253 2808
4253 2936
4253 2247
4253 2913
4013 2943
4013 1485
4013 2339
4013 477
4013 1240
4013 4806
4013 483
2948 1248
2066 3654
949 1038
3791 1469
3791 274
3791 4387
3791 3378
3791 2236
1564 4371
1564 1187
1564 1225
1564 776
1564 3172
1716 500
1716 685
1716 1209
1716 3547
1716 3634
1716 4295
1716 477
1716 4023
1716 542
1716 3175
1716 2322
1716 139
1716 2234
147 1311
147 2723
147 2851
147 706
147 202
2678 1406
3059 4967
3059 1530
1250 2958
1250 4241
1250 3446
4394 1643
4394 623
4394 3321
1522 2014
1522 287
1522 1295
4125 4236
4125 2641
2542 4809
2542 63
2542 2439
2542 4060
2542 4313
2542 2017
2542 1980
1214 551
1214 1850
1214 1049
1214 1560
1214 1167
1416 2334
1416 1579
1416 4840
1416 1558
1416 2857
1416 2671
1416 394
1416 3055
2089 4652
2089 4183
2988 276
2988 437
2988 1338
2988 483
2988 2319
2987 2810
2987 3810
2987 4957
2891 3663
1325 2340
1325 3458
1325 4779
632 3745
632 624
632 3678
632 1390
632 3226
632 4981
1438 4210
1438 2199
1438 3793
4545 1409
4031 3131
4031 1649
4031 1942
4031 379
4031 1077
4031 1295
1268 691
1268 4608
1268 3084
1268 668
978 2081
978 1786
978 2071
978 2718
1679 750
1679 2671
1679 3186
1679 4046
3262 2432
3262 727
219 205
219 1093
219 4179
219 3719
219 4135
219 2887
3900 3286
3900 2405
3666 4228
3666 438
3666 1886
3666 1626
166 1030
166 591
166 4784
2055 2034
2055 288
2055 2549
2055 4107
338 1017
338 1663
3402 2511
3402 2524
3402 74
2217 3360
2217 2612
3087 774
3087 3242
3087 2273
4653 3372
4653 2082
4653 290
4653 4905
4653 3495
4653 3175
4653 3599
883 3248
883 2068
883 1888
883 4476
1936 16
1936 2820
3367 1198
3367 2782
3367 3625
302 406
302 1823
302 1957
2662 197
2662 2122
4964 1466
4964 3043
1983 433
1983 1670
1983 2068
1983 4269
1983 209
1983 623
1983 277
2417 3964
2417 3845
4754 4075
4754 2919
4754 4438
4754 4496
4754 1556
433 2413
433 1114
433 1996
433 3520
433 3175
433 3428
3518 2742
3518 1360
3518 1676
3518 1816
3518 3397
4484 664
4484 3702
4484 3083
4484 2094
4484 1771
392 3745
392 1209
392 1680
392 286
392 794
392 2617
392 173
1863 1792
1863 3081
1863 4705
1863 917
2276 449
2276 4712
2276 460
2276 4337
2276 693
2276 4727
2446 1793
2446 533
2446 2579
2446 1057
1501 4176
1501 4438
1501 1514
3677 4884
1618 2051
1618 1523
1618 2212
1063 2095
1063 624
1063 733
1063 3670
1063 1260
636 2358
636 1082
636 2463
636 3047
125 2034
125 640
125 3595
125 3753
125 1669
125 602
125 4483
578 1769
578 4657
76 3070
76 2541
76 3096
76 526
4929 3383
4929 3624
97 2043
97 2974
97 2571
97 3868
97 2114
4898 1820
4898 646
4898 1125
4898 4363
1393 4445
1393 4090
1393 1685
1393 1042
4809 1074
4809 4847
4809 2042
4809 2908
4809 3588
4809 4595
3382 375
3382 3279
3382 4514
3382 1457
3382 3472
1163 826
1163 2776
1163 3656
1163 1530
553 1389
553 2207
553 3790
553 3845
4386 3044
4386 692
2014 3198
2014 2928
2014 3999
2014 33
2014 2337
298 4924
2226 675
2226 3353
2226 4799
2226 4185
2226 2308
2226 4741
2491 442
2491 1151
2491 4304
914 1508
914 1446
914 4939
914 3196
3565 4470
3565 3502
3565 4366
2911 3107
2911 1856
2911 1827
2911 4430
2911 2867
2911 3329
2911 680
2911 411
2911 4613
2911 1054
2911 139
1853 2621
1853 1242
1853 1840
1853 2552
381 2761
381 2303
381 1033
381 3844
195 892
195 2482
195 1852
195 1675
195 227
195 1860
195 4843
879 745
879 118
879 4376
4310 939
4310 4426
4310 4474
4310 2962
4310 2441
4521 1122
4521 3684
608 4610
608 1310
608 4872
1736 288
1736 3454
1736 2619
1736 763
1736 720
4717 1134
4717 4991
4717 1933
319 980
319 3541
3213 1638
3213 3686
3213 498
3213 1694
585 1968
585 1135
585 4099
585 2480
585 2150
585 228
585 799
2918 2009
2918 2012
2918 1968
2918 3147
2918 623
2918 2642
320 1055
320 4331
4508 1121
4508 3524
4508 3491
2155 4418
2155 965
2155 4850
2155 3079
4191 2949
618 3086
618 3092
472 3942
472 4611
984 2731
1413 4619
1413 1924
1413 769
4663 4217
4663 3029
3975 670
3975 2419
911 573
911 598
911 954
911 4092
911 1007
911 4313
911 2564
911 645
911 4656
2608 770
2608 4452
2608 4666
2608 4414
2608 1190
2608 1459
642 2754
642 1699
4673 11
151 1802
151 437
151 592
3471 2507
3471 1989
3471 3293
3471 358
3811 2971
3811 2677
3074 2770
3074 1667
999 1687
999 4758
999 181
999 4004
999 3781
999 399
999 2170
328 2131
328 3685
328 548
786 4038
786 1772
786 1073
786 4764
786 2428
4610 3873
4610 4871
1334 1941
1334 3190
1334 1793
1334 743
888 1692
888 4696
888 3726
3198 4338
3198 306
3198 4011
3672 705
3672 2531
1729 1766
2464 724
2464 1666
2464 2469
2464 218
2464 1054
2464 1597
42 2129
3650 4772
3650 4851
2767 1328
2767 2917
2767 50
573 1164
573 2383
573 2287
573 598
573 4586
2357 3385
2357 508
2357 581
1872 1300
1872 2156
1872 1482
1872 1907
1872 18
3849 3161
1461 677
1461 1309
4172 294
4172 4618
4172 1229
1702 82
2043 1908
2043 4046
915 743
915 1913
915 1433
915 2579
915 1497
3840 4064
3840 1422
2242 4309
2242 4148
2242 339
2479 183
2479 3572
652 2668
652 3092
652 134
590 4561
590 398
590 3510
590 1785
590 1428
590 1167
3287 4146
3287 115
4154 2952
4154 1289
4154 1161
4154 1107
4154 2441
972 4831
972 663
972 17
4495 4041
4495 478
4495 4615
4495 2809
4495 4989
4495 1289
2518 499
2518 1421
1594 3891
1594 800
1594 3033
2095 271
2095 1997
2095 2841
2095 1868
2095 1680
2095 4874
2095 4778
2095 3945
2095 4479
2095 96
2095 556
2095 869
4605 3570
4605 1011
4605 2856
4605 3700
932 4411
932 4262
4970 770
4970 4243
4970 4525
4970 200
4970 1486
2407 2439
2407 4621
2407 3628
2407 2030
2407 479
2407 488
2407 3535
2407 1061
4007 3106
4007 3372
4007 1209
4007 4147
4007 2926
4007 1065
4007 2487
4007 2863
465 3359
43 3340
43 4022
43 2932
205 2967
205 2230
1687 616
454 3945
454 1071
454 4133
454 2150
454 4989
454 1215
454 4346
747 3104
747 1494
747 1874
747 1234
747 4347
2326 931
2326 2189
2326 3038
2326 687
4075 3291
4075 4659
4075 315
994 4746
994 1898
994 884
994 1433
994 4542
2954 165
2954 3126
2954 1607
2954 2184
2954 1933
4577 2266
4577 3229
4577 620
4577 2124
4577 2304
3320 4051
3320 1674
3320 3528
450 3682
450 4206
1378 1942
1378 2408
1378 2681
1378 1235
1378 3368
1378 1456
4128 1430
4128 437
4128 1275
4128 3441
4128 555
3248 2159
3248 500
3248 3945
3248 4493
3248 1067
3248 2533
3248 4226
3248 1428
3248 818
4683 2005
4683 3369
4214 405
4214 2868
4214 798
4214 4636
4214 4971
4214 3407
4214 170
4214 95
690 4292
690 345
690 2947
690 4264
3658 2145
3658 1878
3658 4963
3658 4506
4402 1166
4617 4481
3687 91
3716 3466
3716 891
3716 2876
3716 4797
3716 2839
3716 62
293 2513
293 2457
293 717
293 241
4202 4955
4202 1844
4202 1743
4202 104
4979 3523
4979 1188
271 2307
271 3831
271 3920
271 4077
271 4565
271 2691
271 2848
271 548
2280 1998
2280 7
3538 3959
3538 672
4189 1603
4189 910
4189 1905
1646 1088
1646 4670
1646 2045
1646 3226
1646 1499
1646 866
356 1018
356 837
1481 4019
1481 3633
1481 4900
4668 107
4668 961
4668 228
2680 4211
2680 3235
2680 1292
2680 4140
2128 4168
2128 3440
4162 496
4162 3750
825 1551
825 2523
825 2746
825 2222
4338 973
4338 2842
2580 464
2580 260
495 3812
495 925
3437 1976
4541 4453
4541 3322
4541 4188
3237 2176
3237 2826
4792 3217
4792 3403
4792 2450
3191 1742
2334 3457
2334 436
2334 4946
2334 2245
2334 94
2334 4476
2760 529
3505 1639
3505 4563
3505 4862
3505 1839
3505 4210
3505 3782
3505 4815
695 2561
695 58
695 4067
4625 4051
4625 2665
4625 1561
1627 613
1627 2198
1627 3636
1627 1326
3891 2791
3891 453
1220 3949
1220 339
2009 3114
2009 1780
2009 3591
2009 4099
2009 2384
2009 1664
2009 1054
2009 843
1059 892
1059 3147
1059 228
1059 811
1059 4047
1059 3186
1236 1479
1236 2965
1236 1241
4139 388
4139 1049
3826 3431
3826 121
3826 3948
664 3717
664 4724
664 413
664 458
333 1088
333 4573
333 1997
333 2015
333 2696
333 1007
333 4490
333 221
333 4208
3425 717
3425 2788
3260 3545
3260 518
1031 1004
1031 3706
1031 2535
1031 3404
1031 1443
1941 1909
1941 2321
375 1942
375 4583
375 2461
375 2449
2219 1680
2219 4475
2219 52
2219 3626
2219 3978
724 1524
724 2745
724 2045
724 1348
1093 2027
1093 1194
1019 2540
1019 4260
1019 67
2594 3069
2594 3127
2594 3850
3114 586
3114 1097
3114 3943
3114 1412
3114 209
3114 286
3114 3675
3114 2873
3114 2234
3114 1782
4355 955
4355 1553
4355 2865
4804 3381
4804 2525
4804 4461
11 102
11 4107
3030 1882
3030 3729
3030 2976
3030 2062
3030 3769
3030 3102
4397 382
4397 2699
4417 3896
4417 4865
31 4725
2712 1744
2712 2684
2111 3523
2111 3358
2111 976
1717 1385
1717 9
694 3595
694 1681
694 4111
694 993
4746 4820
4746 51
1764 1619
1764 4493
1764 3773
1764 4365
1764 411
1764 2752
1764 3903
4774 1722
4058 489
4058 1227
4058 40
2974 718
2974 2546
2974 988
2974 3718
2974 4110
2974 2007
2974 2748
4907 3611
4907 4330
4155 4788
4155 4017
4155 1033
4155 2490
4155 1877
4155 2690
4155 894
4374 441
4374 2749
4374 4367
4374 3404
489 3780
489 2720
489 4681
489 1143
489 4911
2034 4634
2034 4461
3834 951
3834 2435
3834 3254
551 1999
551 2406
551 787
3286 1238
3286 1605
4674 2035
4674 2529
1541 3409
1541 4227
4732 4234
4732 969
4732 3841
4732 317
4732 4690
2112 3910
2112 324
2112 4808
2797 661
2797 3656
2113 3124
2113 4659
2113 1179
2113 4040
2113 4943
2113 2306
3615 1186
3615 32
3615 4398
709 44
172 1418
172 1205
172 3931
1802 2626
1802 961
1802 1351
1802 2952
1802 64
1802 3158
1802 2547
1802 4110
1802 3150
1630 1789
1630 4868
1630 2928
1630 2983
1691 4248
1732 1217
1732 2078
1355 1856
1355 1468
1355 444
1355 838
1355 1071
1355 802
1355 4734
2844 342
2844 3993
2844 4947
4543 1525
4543 2699
4543 2656
2972 120
2972 2372
4469 2925
4469 2951
3745 4316
3745 2714
3745 4479
3745 398
3745 1107
3745 1054
3745 1980
440 1937
440 1462
440 150
440 744
1981 3779
1981 3380
3298 1865
3298 4859
4149 4551
4149 3152
4149 2174
4149 3282
4149 4699
3279 1292
3279 4212
3279 2167
3279 485
1265 3819
1265 2115
1265 4380
1265 376
2631 4038
2631 3405
2631 3706
2631 4527
1474 605
1474 3823
1474 2519
1474 3162
1474 4645
3653 3613
3653 2699
3070 3366
3070 2353
3070 1178
3070 1312
3070 4263
3070 2603
194 1027
3486 4084
3486 1036
3486 3846
4908 357
4908 3597
3412 1920
3412 4488
3985 3381
3985 1041
3985 3771
285 3266
285 4997
285 3813
1820 1599
1820 1955
1820 3691
1347 41
1347 2072
3107 2835
3107 4099
3107 1172
3107 4829
3107 3186
3107 1167
3107 2158
2382 743
2382 2210
2943 4538
2943 3447
2943 784
2943 2294
2943 1782
87 1363
2075 3024
2075 3956
2075 2938
4999 2991
4999 2077
1533 3736
1533 581
1533 3999
3389 419
3389 2450
3389 3291
3389 1403
3389 625
4109 2460
4109 2353
4109 741
4109 4380
4109 1396
4109 4341
4109 1987
4109 1297
4109 305
3577 2415
3577 368
3420 2689
3420 2269
3420 4390
3130 2006
3130 3570
3073 2393
3073 1925
2958 4211
2958 4512
2958 1761
2958 1803
2958 1548
1804 2474
1851 36
1851 2950
1851 2921
1856 1827
1856 513
1856 1502
1856 3935
1856 2151
1856 4499
1856 3444
1856 4018
2139 2228
2139 1048
2139 1116
2139 2553
2139 2425
2139 885
2139 4719
4138 4190
4138 2207
4138 763
855 1311
855 233
855 558
855 1227
855 3090
855 2645
855 1486
2830 4451
2830 1057
2830 4820
2830 4074
4437 1562
4437 2160
4437 1973
2051 2159
2051 3026
2051 474
2051 2528
2051 324
2051 4346
2051 3416
3024 2159
3024 1490
3024 2695
3024 954
3024 228
3024 4274
3639 1186
3639 2638
3639 3484
4904 1151
4045 2241
4045 121
4421 2607
4421 4784
1509 1774
1509 4681
1509 1333
1509 1552
2832 3987
2832 4941
2832 3076
2832 3329
2832 1045
2832 4423
2832 1049
2832 2908
2832 3246
3163 479
3163 4219
3163 736
832 2852
832 3822
174 968
174 1714
898 504
898 2897
898 1696
898 1148
775 2279
775 329
775 3017
2511 2621
2511 3889
2511 1217
2511 744
2511 791
326 2554
326 1854
2453 1909
2453 1950
1293 4697
1293 2414
1293 3394
1293 371
1293 3450
3646 3284
3646 734
3646 259
3646 3946
1949 2695
1949 3634
1949 4538
1949 552
1949 1120
1949 4996
3537 4037
3537 1150
4648 3944
4648 4712
4648 2553
1286 4156
1286 2024
1286 715
1040 1381
1040 3304
1040 892
1040 3943
1040 885
1040 239
1040 4698
1040 4490
2581 3846
951 2664
951 1124
951 1518
4704 2802
4704 1690
2527 4735
2527 3609
100 3009
100 4564
1197 2864
1197 3606
4316 449
4316 4475
4316 303
4316 4670
4316 4698
4316 1858
1606 3025
1606 1513
1606 4493
1606 2704
4873 3739
4873 3914
4873 2462
294 1244
294 3485
63 1430
63 1570
63 731
63 4324
63 286
63 2042
63 3788
4228 245
4228 1844
4228 1396
4228 425
4228 3143
4228 2694
1783 183
1783 2418
3967 4290
3967 312
3967 4853
3241 2406
3241 3547
3241 4263
3241 3428
3241 3211
3241 146
3241 3234
3241 651
2004 2209
2004 1201
669 3778
669 4858
2060 1731
2060 398
2060 3142
2060 1196
2060 4847
2060 1602
2060 3713
3496 4901
3496 3551
3496 2082
3496 875
3496 4905
3496 787
3496 4721
3496 1215
3496 2257
3496 2102
3779 518
3779 3581
4777 3466
4777 2070
4777 1181
3170 3468
1088 316
1088 1412
1088 477
1088 916
1088 4672
3174 946
3174 3696
3174 4909
3174 3742
3174 4399
3174 2094
3470 3582
3470 1139
3470 466
3470 3837
3470 67
814 521
814 2021
1780 2872
1780 127
1780 141
1780 1560
1274 2321
1274 884
1274 2509
586 4941
586 3263
586 4341
586 1449
586 1576
4742 3340
4742 1878
309 4752
309 3029
309 4885
2611 3448
2611 2951
3911 4596
2877 4738
445 2500
577 387
577 673
577 1865
3819 3400
3819 2835
3819 3547
3819 1654
3819 1425
3819 2671
1670 4166
1670 974
1670 4099
1670 512
1670 2922
2285 3419
2285 2836
2285 3045
2860 1704
2860 4986
2860 3706
2860 1601
2860 3123
2860 2052
4882 4458
2400 2800
2524 538
2524 1147
2524 1752
2524 4156
2524 233
2524 3605
2029 619
2159 3026
2159 513
2159 1003
3324 2732
3324 2755
3324 191
4892 2895
4892 3630
1937 2552
1937 3102
6 4851
836 1768
836 969
836 1970
836 4263
836 961
836 4324
836 1102
836 623
836 4046
3448 4896
3448 4462
3448 1655
2439 3106
2439 1746
2083 2661
2083 2577
2751 3954
2751 1492
496 4600
496 3123
496 918
4960 121
1450 1136
1450 4735
1450 176
1450 4647
1450 4375
1450 4658
1450 1094
449 4727
1985 3370
1985 2204
1985 4050
1985 4449
291 4230
291 1445
3557 3536
4956 2011
4956 4088
1639 3466
1639 1395
1639 1350
1639 1931
1639 366
1639 4216
640 1681
640 4978
640 1484
1650 3481
383 1394
383 1116
383 2033
383 4409
383 4528
383 3694
383 1137
686 1640
686 2419
4229 923
4229 2049
4051 3580
1915 82
1915 956
4089 1975
2458 1668
4041 500
4041 1723
4041 1080
4041 895
4041 3211
4041 3651
4041 4274
3131 306
3131 4862
3131 1349
1262 2327
1262 1157
1262 4629
1262 1894
1262 796
1770 4389
1770 251
3236 4388
3236 3293
3236 609
189 847
189 3503
189 1906
189 3601
1310 2022
4889 311
4889 2707
4889 803
4889 1831
2810 940
2858 1228
2858 3908
2438 4287
2438 2224
2438 649
2438 4949
2438 4582
2568 357
2568 2889
4619 188
4619 1181
4619 1267
4619 2447
4619 2946
3433 1228
3433 4156
3433 3717
3433 1242
3060 4926
3060 1013
3060 122
3829 2861
3829 2434
2133 3000
2133 3227
617 2067
617 3303
617 3734
617 3067
4825 4990
4825 4094
703 467
703 1308
703 4032
3292 1478
3292 823
3292 2792
2388 3022
2388 4432
2388 3000
2388 223
2388 2172
2412 1052
2412 3113
2299 403
2299 2960
2299 4145
2299 2435
605 132
605 1529
1272 2835
1272 35
1272 2240
1272 4656
4181 1201
396 3634
396 2869
1429 2415
1429 1962
3913 2575
3913 2994
3913 3067
390 1078
390 4823
1062 1083
3231 405
3231 1979
3231 1868
3231 935
3231 3142
3231 4842
3231 4317
3231 1131
4481 4222
4481 1590
4481 2887
467 4450
467 1447
467 2143
467 4002
4296 792
4296 4065
2025 81
2025 3301
2025 4344
3106 4670
3106 1437
3106 3513
3106 671
3106 323
297 559
297 3006
297 2999
4535 1866
4535 2786
3762 413
3762 3014
3762 3404
272 54
272 3134
272 2121
272 3013
272 56
272 3318
4901 1327
4901 1799
4901 146
4901 957
4901 231
4901 3588
4678 2333
4678 4415
3372 3529
3372 3111
3372 612
3372 841
2375 4973
2375 1366
117 3366
117 1968
117 1135
117 4405
117 3299
4573 2600
4573 4646
4573 1084
4573 979
4573 2042
2012 2000
2012 2197
2012 3329
2012 436
2012 1071
2012 1982
2012 799
2012 1386
2012 2465
1469 2761
1469 1144
1469 3451
1469 2468
4561 2507
4561 2115
4561 4324
4561 394
4561 139
1280 2908
1280 3108
47 1248
47 2485
4281 793
4281 761
4951 3792
1276 142
1276 4890
831 1666
831 3227
164 3863
164 315
2471 4841
2471 3742
2471 4434
4010 4232
4010 2366
4010 3078
4010 2117
4278 3192
4278 682
1841 3858
1841 237
1841 2427
2653 1253
4298 2472
4298 2107
1879 3366
1879 936
1879 1104
3296 790
3296 3078
3296 2349
3798 770
3798 4496
3798 3793
1342 2634
1342 716
4482 4894
3924 402
3924 4165
3924 3533
3924 3418
4922 4415
1524 354
1524 4778
1524 1138
1524 447
1524 395
1524 1694
1524 2176
1524 2748
3787 2624
3787 4779
2177 334
2177 4544
2177 2636
405 1737
405 4479
405 4636
405 4796
405 4821
405 2609
405 3675
939 4679
939 35
939 3690
939 785
2249 693
2249 665
2249 4710
1997 2520
1997 3233
1997 4203
1997 1951
4014 4921
4014 4524
4014 368
4707 1608
4707 3295
3590 4948
3590 539
494 637
494 4328
494 1224
2910 2259
2910 269
3587 3332
3587 1713
973 3780
973 1659
973 1295
973 1333
3617 3243
3617 4883
3785 3261
3785 3133
3785 2532
3785 1056
3785 2274
4594 3490
4055 687
500 934
500 1290
500 4405
500 227
500 4923
500 388
500 2550
500 2047
541 2478
541 3857
541 4442
2795 274
2795 1146
2795 4401
2795 1519
2777 4685
2777 4335
3466 1033
3466 4935
660 2191
660 2336
3980 1962
3980 473
2288 1178
2288 2339
2288 3057
2288 1254
2288 176
280 2945
4388 1135
4388 2347
4388 2945
4388 1888
4388 263
4388 394
674 2096
674 2982
674 2405
674 2189
674 3914
674 560
674 2849
2087 4841
2087 3917
2087 3390
891 4563
891 3543
891 842
891 4216
478 2714
478 1308
478 4032
478 1980
478 4595
478 1137
4722 4654
4722 2398
4722 3052
4551 3152
4551 2947
1609 2731
1609 82
1609 212
1609 1211
1609 2780
4968 1278
4968 371
4968 975
4968 1348
3523 2401
3523 406
3523 2427
3523 2161
1730 1016
1730 3249
1730 2715
1005 2884
1005 3595
1005 1795
3121 633
3121 1288
3121 3341
1893 1809
1893 2033
1893 1472
1893 2143
1893 4719
3349 3934
3349 4728
3349 370
3349 2341
3349 1000
921 4022
921 481
2570 3842
3664 2702
3664 4060
3664 3407
3664 651
3266 1703
3266 2896
547 859
547 2981
547 2771
547 928
4798 238
4798 3269
4798 453
342 3029
342 1710
342 823
4136 2395
941 3357
941 1739
1568 313
1568 1505
3996 4990
3996 2488
2381 1674
2381 1159
2381 943
3778 4234
3778 3752
3778 4413
4634 3764
4634 3414
4634 3532
4634 267
3431 755
3431 3458
3431 2286
1554 4060
1554 161
1554 493
1554 1237
1554 2609
2961 3336
2961 1525
2961 4256
3944 1731
3944 528
3944 3678
1248 1520
1248 4326
1248 4609
1248 4826
3086 904
3086 970
3086 2188
4888 2740
4888 4331
1490 2123
1490 218
1490 964
1490 2869
1490 784
1490 3651
1490 2811
780 1455
780 3374
3375 2015
3375 3943
3375 3238
3375 4092
3375 4313
3375 4047
3375 2811
3375 2102
2431 1767
2431 1975
2431 1832
3157 2164
3157 4076
3157 4028
3157 594
258 250
258 1911
258 3155
1134 111
1134 4604
1134 2917
1901 873
1901 159
1901 36
1901 1492
1901 1264
4209 262
4209 1881
4209 1964
4758 992
4758 3467
4679 4474
4679 2714
4679 4790
4679 2882
4679 3920
4679 3675
1797 1999
1797 4790
1797 444
1805 1052
1805 2261
1805 4148
1805 1439
1805 1993
2541 1075
2541 438
2541 4059
2541 2642
2445 3702
2445 3691
4725 930
4725 2039
4725 4259
3271 3007
3271 2587
3271 4385
2000 1485
2000 513
2000 4166
2000 969
2000 4277
2000 2879
4953 4395
4953 2273
4953 715
2460 3057
2460 2901
2460 2493
2460 2168
2460 1487
2732 1842
340 3562
340 3965
340 748
340 2669
1608 3002
1608 3732
1608 3193
2761 3379
2761 1887
723 3223
723 737
723 1791
723 4279
723 1521
1994 504
1994 3974
4822 2887
873 4006
3197 774
3197 351
3197 2399
3197 4336
600 311
600 3088
600 1607
4791 4887
4791 2973
4791 3228
4450 2207
4450 4333
4450 2097
4450 720
2539 1109
2539 2353
2539 2906
2539 3910
2539 1637
2588 4507
2588 2080
1999 2926
1999 1559
1999 248
1999 1576
1999 323
1544 679
1544 2893
1787 3494
1787 1389
1787 85
3896 518
3882 3039
3882 4271
3792 4210
3792 3113
3792 2337
3712 180
3712 4227
2401 1976
1344 2739
1344 4358
1344 4854
1344 4821
1344 173
4118 2193
2442 3464
81 4367
81 3301
4618 4622
4618 2454
4618 2264
4618 1417
1001 727
1001 4566
1001 4969
3223 186
3223 4794
3223 4452
3223 88
3223 3474
3223 200
4072 1427
4072 1201
1050 2157
1050 1514
1050 158
1050 726
1050 2306
2194 4489
2194 2153
3379 1877
3379 3247
1053 2367
1053 17
1053 2994
2290 359
2290 4263
2290 1570
2290 2150
857 3966
857 3516
4308 2977
4308 4090
4308 4329
4308 275
4308 3228
4232 867
4232 4965
1311 1532
2079 4584
2079 3702
2079 4344
867 3701
867 4817
1128 2229
1128 2544
1128 3011
1128 424
1128 4487
1128 1149
1128 4803
2413 2
2413 974
2413 2212
2413 482
2413 3234
3312 2020
3312 4868
3312 3522
3312 2024
3312 2504
3312 2486
2876 3970
2790 4937
2790 4325
2790 1238
4112 4868
4112 515
4112 1366
4112 737
4112 2142
4112 3242
1723 565
1723 3520
1723 4110
1723 4346
2526 4252
2526 3139
1328 1683
2015 4840
2015 937
2015 4971
2015 3441
2015 4843
2015 3277
2443 3524
2443 3173
2443 1520
391 3179
391 204
2868 1579
2868 2425
2868 1229
2868 3517
2868 671
4215 3522
4215 56
4215 1993
1075 1989
1075 509
1075 347
1075 3209
1075 2115
1075 3158
933 3598
933 579
670 368
670 2129
4697 680
4697 2912
4697 2253
3366 2507
3366 1728
3366 4721
3366 4586
817 2046
817 4231
817 3824
817 712
2513 4478
2513 4123
4362 3304
4362 598
4362 2225
4362 4314
4362 323
2436 3760
2436 1772
2436 3307
1186 300
3380 3955
3380 4439
3380 3214
3380 2759
846 4043
2884 1266
2884 3553
2884 2619
3243 3775
3243 3012
3243 2963
3243 4910
313 377
313 1758
4976 804
4976 89
4757 1695
4757 4863
2723 1977
2723 175
2723 3102
2723 2973
1704 2291
1704 545
1704 30
1704 4400
2026 2175
2026 3269
2026 4569
2026 3477
1796 311
1796 3123
1796 803
1796 2651
1796 4399
4667 4536
4667 4500
4667 2146
4667 198
4667 2040
1789 2367
1789 1350
1789 366
1789 2842
4730 1156
4730 3373
1546 2392
3456 4454
2421 127
2421 4485
2421 4092
2421 4690
2421 3
2421 1111
2421 4455
2421 3593
2421 4122
2421 643
1300 2603
1300 4645
279 1144
279 4771
279 761
3556 4448
3556 1294
870 2647
870 2
870 3867
870 2115
870 802
870 4996
4519 142
4519 3008
3858 4620
520 633
520 207
520 1239
520 4356
4005 2037
4005 772
262 3983
262 3085
3430 355
3430 1570
3430 4479
3430 982
3430 2384
3430 239
3430 4595
538 3760
538 4466
538 4156
538 4841
3760 369
3760 27
1327 4538
1327 4430
1327 324
1327 2881
2265 3363
2265 1335
2847 1079
2847 3490
1745 1070
1745 3265
2621 4255
2621 1125
2621 1011
2621 1896
2621 557
2621 2078
2621 1686
459 4250
1314 1834
1314 325
4879 2598
4879 3122
4879 956
266 4840
266 482
266 957
266 192
266 1539
266 548
266 4808
738 4903
738 490
738 4315
738 156
2652 588
2652 2147
2652 3927
1109 3602
1109 4735
1109 4361
1109 1379
1418 1905
2345 1401
2345 3519
3370 4669
4101 2301
4101 1811
4101 1655
4101 3754
4101 1760
4712 1929
4712 253
4712 3476
4712 3853
4712 3351
2512 1135
2512 546
2512 4733
1305 2779
1305 1349
1305 130
1305 1354
1305 4017
1305 2359
1305 1556
4082 2492
2406 2571
2406 4840
2406 750
4389 740
4389 3830
2246 908
2246 528
2246 412
2246 2683
2246 2688
237 1188
237 4950
3427 1946
3427 1596
3082 3970
3082 56
3082 3426
4287 580
4287 4379
2327 1859
2327 2980
1765 1839
1765 848
1320 452
1320 2090
1320 3088
1320 4303
1320 2840
335 52
335 1229
335 4893
335 3001
3595 602
3595 3485
3595 1545
2237 1398
2237 2182
2300 1882
2300 318
2300 485
2243 827
2243 1776
1833 4753
1833 1239
1833 2231
1833 3065
1833 3835
3066 1515
1029 1905
946 2508
2394 334
2353 64
2353 2040
1157 2215
2156 4952
2156 1369
2156 4522
2711 5
2711 3214
2711 606
226 2925
226 3986
226 427
2702 513
2702 4405
2702 4023
2702 1102
2702 2942
2702 1539
1447 1790
1447 12
1447 4247
1447 722
460 589
460 4702
1480 3344
1480 424
1480 1561
1147 1467
1147 2937
1147 3172
1734 4254
1734 2498
1734 3540
1734 596
1734 1903
675 4601
3955 4530
3069 3408
3400 815
3400 3387
3400 905
3400 1255
3400 4695
3400 231
1969 1557
1969 1208
4418 1793
4418 2791
4418 1823
4948 1754
3056 3418
2708 438
2708 3416
4060 3943
4060 2045
4060 1498
4060 192
4060 2683
3880 3160
3880 3568
3880 2118
2432 3632
4453 1145
4453 4544
2185 1065
2185 981
2185 3361
2424 4261
2424 4322
1381 935
1381 3535
1381 3678
1381 766
1381 4893
504 2759
504 3015
1523 1747
1523 2521
1523 2239
1523 1045
1523 3240
1523 2737
1121 1775
4477 3990
188 3872
188 2701
188 1439
188 1993
3487 1968
3487 1254
3487 750
3487 3143
3487 2582
815 794
815 1240
815 4047
815 483
815 2922
815 4860
1388 2405
1388 3473
1388 2551
2841 1868
2841 4790
2841 4475
2841 416
2841 1390
3009 644
3009 3239
334 3489
1259 1116
1259 4077
1259 1348
4190 1022
4190 3494
4190 1795
3936 1495
3936 3083
3936 50
1127 2779
1127 1403
2020 1685
2020 2842
1397 3501
1883 1875
1883 4779
4318 1442
4318 3797
4318 2086
4444 158
646 2851
646 1249
646 3307
646 2069
1635 61
1635 1939
718 1610
718 1956
718 227
718 1860
718 4226
1207 3866
1207 4630
1207 2168
1207 881
1827 3866
1827 509
1827 1338
1827 149
1827 4843
1586 1811
1586 1519
955 4736
955 2589
107 4840
107 1558
107 3428
107 2869
107 512
107 507
107 3901
1212 2784
1212 2554
1212 2931
4234 1191
4234 812
1774 2508
3026 1570
3026 78
3026 2571
3026 2952
3026 2979
3026 1708
3026 2915
3026 4647
3026 3685
3026 3868
3026 4249
614 3612
614 3632
3257 4896
3257 4168
3257 1483
1022 4636
1022 3000
1078 1970
1078 1437
1078 2737
1078 3901
927 2595
1222 1020
1222 4207
1068 522
1068 779
2661 252
1649 2898
1649 2121
1228 1419
1228 3090
1228 4958
1228 1706
1228 27
1228 3228
2516 3210
2516 2589
2516 345
4186 2098
4186 2664
4186 4459
4186 3282
1968 3147
1968 2482
1968 2883
3810 3021
2597 3717
2597 2006
2597 4256
2607 1596
2607 332
2507 4866
2507 4685
2507 2311
2507 2356
2507 4100
2507 1386
2507 268
2507 3277
947 4225
947 1545
947 223
947 1373
1747 4781
1747 1254
1747 1664
1747 2642
1747 3748
2919 3620
2919 1349
3494 1669
3494 1353
3494 2899
745 2130
3507 3344
3507 4034
3507 4354
633 4549
1792 826
1792 3141
1792 1151
1948 4705
1948 4390
1948 2409
4377 4621
4377 3799
4377 2091
4377 2600
4377 2017
4377 1506
4377 2247
4377 4317
1470 3137
1470 2411
354 2228
354 3497
354 3154
354 4672
354 1992
354 710
2738 1198
2738 667
2738 4985
826 661
826 1899
2096 2703
2096 4200
1141 4507
1141 4330
1141 963
1141 1776
1141 4635
4211 202
359 3695
359 1172
359 802
359 852
359 4695
359 1102
359 1598
359 225
359 3055
2971 3085
1004 819
1004 2840
1004 265
1004 554
1004 4434
2900 2179
2900 1473
1979 1463
1979 1494
1979 2713
1979 1992
1688 2976
1688 3445
1688 3558
1688 2548
2864 1662
2864 3727
234 442
234 2981
234 543
184 3533
184 925
2505 1172
2505 710
4937 2510
1164 2068
1164 1279
1164 2061
1164 3424
287 4600
287 2976
3987 1290
3987 3
3987 733
3987 1297
3987 3150
1285 4095
1285 3986
1285 3062
1285 1341
2333 230
2333 844
186 4563
186 1364
186 4020
186 4815
4395 4445
4395 3729
4395 3683
4395 3671
4395 872
4395 4069
4395 4917
3135 2944
3135 203
2495 74
2495 3569
2495 3445
2495 1685
2495 1000
2495 3172
2495 791
1406 2039
1406 2812
3104 3144
3104 3351
4038 2856
4038 3756
4038 3613
4038 458
4038 4399
4038 3102
4038 2973
2520 2793
2520 312
2520 85
2520 133
238 3358
238 453
2835 912
2835 3529
2835 1852
2835 1103
2835 1850
2835 4047
4439 3835
1884 2384
1884 988
1884 822
1216 673
1216 2673
3548 373
4563 421
4563 1219
4563 2667
4563 3426
1178 1989
1178 3659
1178 1104
1178 840
1178 4130
1178 881
3283 2927
3283 3535
3283 1007
3283 2323
934 1412
934 1852
934 398
934 4341
934 2239
934 548
934 843
3332 2499
3332 4106
2851 2886
2851 3123
2851 3759
2657 4909
2657 74
2657 742
2657 3373
2657 3172
397 3614
1828 2590
1828 4540
1828 296
920 2575
920 339
4621 3338
4621 52
4621 1204
4621 3584
3970 421
3970 2998
3970 2486
3970 2016
767 2393
767 135
4084 2313
4084 878
1842 4290
1842 2370
1842 4870
224 2769
1793 2590
2383 1103
2383 4988
2383 964
2383 4721
2383 2558
2383 957
2383 3868
2383 3788
304 373
304 2476
3004 3879
1257 1319
1257 2350
1257 462
1257 56
4675 4588
4675 4640
3295 181
3295 2765
1485 1290
1485 3618
1485 227
1485 239
1485 787
1485 957
3217 3396
3217 2371
2426 1144
2426 663
2426 3421
2426 2667
2426 1403
965 3112
965 1913
965 925
1072 3971
3304 513
3304 1278
3304 1065
3304 996
3304 388
3304 1858
3304 2493
2475 4676
2475 3374
2475 4284
568 3151
685 411
685 2752
685 277
685 3714
685 2127
685 152
1887 2236
1887 4935
1557 1788
1557 3141
1287 1629
1287 1672
624 2926
624 1449
624 2007
624 2663
2499 2682
2499 1724
2204 4833
2204 4050
3119 1749
3119 3854
3119 3578
4954 1886
4954 3365
4954 229
4954 4249
2106 2147
2106 3895
4927 3346
4927 3839
1631 1873
1631 3075
1631 981
1631 523
1631 143
1631 2617
3165 828
3165 1775
3165 19
3165 3432
3165 2462
3698 4627
3698 2749
930 3968
41 2142
41 3242
41 2928
41 2154
41 3472
41 292
4348 1868
4348 2469
4348 3831
4348 1860
4348 3221
4348 4122
2093 2929
2093 2181
1989 526
1989 2857
1989 1396
1989 1100
1989 2643
1989 2389
1989 1529
4255 4514
4255 4218
4255 525
890 506
890 3311
890 4235
890 860
2392 563
26 452
26 1153
26 2833
26 3750
1209 355
1209 1396
1209 3386
1209 149
1209 4100
2211 4177
2211 4839
2211 260
2211 1705
2145 4271
2229 2755
2229 1818
1389 1929
1389 2483
159 1553
159 2435
159 2258
1752 101
603 252
603 1661
603 4267
3696 40
4810 1238
4810 3173
1324 91
1324 2584
1324 3015
2647 3855
2647 1302
2647 4455
2647 493
2647 3786
2647 1602
2647 2748
2647 1487
4443 569
2742 4903
2742 155
2742 153
2742 4236
2742 2618
2742 2950
3562 3322
3562 3939
3562 3225
1563 3930
1726 4884
1726 1629
3314 3010
2320 1374
2320 4131
2320 4564
4517 4057
4517 4120
3080 2502
3080 4427
3080 3095
3080 4878
2027 4488
2027 1478
1718 3734
402 4472
402 1082
2076 594
1579 127
1579 1007
1579 3593
1579 46
2575 4555
2575 109
2575 3442
2575 2126
3801 1374
3801 4131
2316 255
1030 887
1030 1830
4448 2451
4448 1806
316 4971
316 3869
316 4100
316 95
1581 4264
1307 3085
1420 1071
1420 4687
1420 3450
1420 4613
1420 3961
4553 995
4553 1924
4553 3406
4553 3013
4553 1735
4553 3521
4553 1486
4627 1251
4627 4991
4627 1271
4627 1525
4627 527
2291 2053
2291 4416
2291 4336
3031 1873
3031 474
3031 276
3031 3075
3031 3386
3031 2550
3031 2721
3031 2168
3031 3868
1383 1405
4770 222
2729 4119
2729 4503
2729 372
904 2917
1847 4884
1847 3468
1847 2692
1847 4098
1847 3839
2224 1943
2123 4059
2123 1598
2123 3833
3582 3405
3582 33
2659 1225
2659 995
2659 3242
2659 3445
2659 1077
2659 4212
2659 3185
4466 1462
4466 4452
4466 3472
2339 3591
2339 802
2339 3394
2339 3211
2339 1498
2339 1386
2339 2253
2339 3444
1768 2469
1768 1570
1768 794
1768 4854
1768 3697
1768 4018
4903 3633
1868 587
4474 3945
4474 2942
4474 3407
2279 2206
3984 2859
3984 2274
3984 1807
3598 3761
3598 1549
2846 1384
2846 3319
2637 2720
2637 3917
2637 3820
2637 3302
2637 4612
4196 4890
4196 4340
4196 1373
2085 4640
2085 4080
3989 1535
3989 3481
589 3790
589 3998
589 4585
2228 2030
2228 1974
2228 958
2228 722
2228 4821
2228 206
579 3039
1773 1494
1773 2821
1773 2260
1773 475
1773 2176
1773 1263
1575 4371
1575 1064
1575 13
1575 1882
1575 2167
521 4126
521 1306
521 2351
1144 4168
1144 3951
120 3839
2489 444
2489 437
2489 3593
2489 2698
2489 3713
165 4991
165 4552
165 4367
165 1322
1455 3357
1455 1166
2081 3797
2081 2784
2081 1273
2991 4833
306 2999
306 3780
306 3134
1339 620
3635 3710
3635 2298
4941 4023
4941 2979
4941 376
4941 2936
4941 2294
4941 1199
199 4869
199 4945
199 4975
3515 2595
3515 571
1135 3823
1135 838
1135 2212
1135 1338
4909 4090
4909 2937
4909 2825
4909 3449
2169 3338
2169 2143
2169 4853
545 1011
545 2720
545 1706
545 3837
421 4387
3934 2057
3934 4342
3934 315
3800 3022
3800 4294
3800 4383
2984 154
363 2038
363 3575
363 2138
1680 2494
1680 688
3879 2267
3879 4061
3879 959
3879 4606
3879 2783
1881 1435
1881 21
770 683
770 3325
1674 3764
1674 4575
1674 461
1674 2328
3057 4147
3057 1183
3057 1074
3057 2547
4990 3883
4990 4769
4990 4944
3063 3374
2714 4473
2714 3447
2714 3795
2714 1860
2714 4396
2714 221
3968 2416
1611 5
1611 2227
2916 2039
4502 1763
4502 2166
4502 4992
4502 2522
4692 1345
4692 4793
2206 4906
513 4866
513 4988
513 4847
513 4806
513 139
2021 824
3952 3688
3952 3133
3952 3337
1424 2318
1424 3274
1424 596
2390 4096
4156 1011
4156 2109
4156 1896
4156 3843
1288 4472
1288 4460
311 2119
311 27
311 3691
311 2163
4841 4363
4841 4612
75 1394
75 142
75 498
75 412
75 4672
4868 2999
4868 1160
4982 931
4982 4283
4982 1861
912 1610
912 639
912 1437
912 2671
912 3588
2508 1232
2508 2062
2508 1794
2508 1456
2508 2094
274 2934
274 3579
4514 4862
4514 3032
4514 3013
4514 2306
4530 1690
4530 486
4530 564
4921 2849
4166 3457
4166 1298
4166 2567
4166 3246
1512 3095
3628 488
3628 3933
3628 4702
3628 4930
3628 1152
3797 3665
3797 4343
1588 1603
1588 1252
2793 479
2793 671
2793 2517
2793 133
2793 1
1479 4254
3167 2786
1880 1759
1880 4307
438 3841
438 1312
438 3453
438 2879
4588 3566
4588 3854
4588 3925
4588 1715
4895 2251
4895 2699
3717 4029
3717 3621
3717 3053
3717 318
1097 436
1097 2752
1097 2915
1097 3362
1097 4018
2255 1410
2255 1535
2255 2817
2255 4307
4147 4762
4147 1351
4147 2808
4147 487
1942 1366
1942 749
1942 1500
1942 1587
1834 1913
1834 940
2408 1514
2408 1735
4644 3255
4644 2917
4644 2003
1482 1086
1482 2492
3179 4440
3179 2592
3179 204
3179 4983
1319 559
1319 742
1319 2650
3336 4509
1419 2119
3498 1318
3498 3618
3498 4955
3498 1626
2457 2697
2531 3511
2531 4257
2531 1452
699 183
699 3151
610 3224
3864 3253
3864 1434
242 3620
242 3941
242 2447
2544 4163
2544 899
1039 379
1039 4016
1039 508
1039 4070
1039 3643
1645 2485
1645 821
3969 142
3969 2620
3969 3008
3969 4002
3969 3568
1998 4246
2872 1513
2872 4750
2872 4538
2872 4358
2872 3075
2872 4327
2872 268
2872 4018
3874 1084
3874 3690
3874 3462
3874 3651
3874 2487
3874 1857
4783 4433
4783 4279
4783 581
2605 4076
2605 3822
1959 5
1959 3974
452 3613
452 491
452 3492
452 2794
452 318
613 3051
574 2859
574 4406
1869 4531
1869 2747
1869 4327
1869 79
1869 2074
1869 2938
441 499
441 4080
3025 1843
3025 2068
3025 1003
3025 4178
3025 4735
3025 1120
3025 3143
3025 1567
2006 4986
2006 413
2006 2410
2006 1042
882 4992
882 2342
882 2966
882 3355
2696 3686
2696 3238
730 758
730 2812
2559 850
2559 288
3415 887
3415 3099
2540 1064
2540 4505
2540 1160
355 3865
355 127
355 4301
355 3394
355 4529
355 1358
355 818
4447 4558
4447 4916
4447 1545
3611 4449
3611 4062
3918 3482
3918 169
3918 1744
3918 702
3918 3796
2001 3763
2001 499
2001 3255
753 4932
753 2056
1129 502
4640 2950
2144 91
2144 249
2144 3962
2144 2433
2144 606
559 1514
559 2856
559 3472
559 337
559 2337
2784 591
2030 4032
2030 722
2030 2957
2030 3894
183 839
3410 3458
3410 4782
3410 4969
2885 4778
2885 2082
2885 512
2885 3441
2885 4595
1136 4015
1136 4301
1136 1028
1394 2271
1394 303
1394 4646
1394 3675
2120 1312
2120 2287
2120 28
2120 4361
2120 2061
4286 4345
1621 4161
1621 696
233 1366
233 1772
155 265
3022 2180
3022 461
3022 720
2191 2372
2098 4117
4095 3721
4095 2063
4095 1175
457 893
457 2481
457 3897
457 98
4068 1395
4068 2839
3210 3202
3210 4913
3210 4081
4371 3730
4371 2586
1917 132
1917 4500
1917 1338
1917 734
1917 289
2616 4370
2616 536
4677 2358
4677 2892
4676 1661
4676 2785
4739 1363
1695 1527
1695 255
213 4814
213 1245
213 4945
756 875
756 964
756 981
756 2942
756 487
756 2609
756 1358
756 46
798 201
798 1390
798 2808
798 2691
798 3888
2906 1086
2906 18
4165 4957
4165 2463
4165 3604
3993 3668
3993 60
3993 3857
604 3552
604 3725
604 3816
1463 3679
1463 3838
1463 1352
1463 2873
1463 4208
3547 1047
3547 4269
3547 2146
3547 324
4874 127
4874 1850
4874 1982
892 4475
892 1654
892 2473
892 3804
892 3935
892 3462
892 2045
892 2556
892 206
892 2257
3006 1892
142 1669
142 4650
142 5000
1540 4066
1540 2065
1251 4132
1251 3309
4056 1817
4056 4231
4056 1427
4056 1960
1278 1790
1278 4203
1278 4265
1278 1054
1278 190
1278 2294
3631 847
3631 4403
3649 480
3522 1181
3522 2650
1064 2024
1064 2720
1064 3472
1079 1551
1079 1370
2171 4177
2171 2506
2171 3977
2171 4004
2171 3156
2695 3602
2695 4301
2695 3655
2695 4806
4790 303
4790 1496
4790 161
4790 1576
1974 852
1974 1746
4876 1226
4876 760
4876 2612
4876 4691
2070 1892
2070 1939
2070 2385
2281 4081
2281 3326
1511 3683
1511 1779
1511 4260
1511 1686
4282 3740
2668 4664
4753 2978
4753 4516
4753 518
1343 2136
1343 567
3634 4059
3634 3317
3634 3394
3634 4661
3634 1643
3634 215
3634 4767
3634 3055
4252 1684
4252 772
1555 1298
1555 762
1232 4607
1232 3126
1232 4994
1232 484
2402 2677
3959 3603
3959 2780
3959 1201
2775 794
2775 4490
3096 28
3096 2082
3096 3394
3096 750
3096 94
2709 1593
2764 2033
2764 4323
2764 1951
2764 3000
3011 1043
969 4365
969 4335
969 881
2100 3457
2100 2110
2100 964
2100 3588
4176 2828
4176 4151
4176 3318
4176 4815
4108 4381
4108 3531
2901 1996
2901 2389
2901 643
2901 225
2901 4688
2059 468
2059 1411
2501 2416
3381 2894
3381 2566
3381 1870
3381 330
2996 3465
2996 4064
2996 3459
2996 4492
181 3781
1210 4289
365 3773
365 4946
365 1100
365 1598
365 1277
2057 3863
2057 894
2271 12
2271 2182
2271 1689
953 1202
953 235
4412 2367
4412 1349
4412 2272
4412 2403
4412 56
3232 595
3232 2656
3232 3539
2277 4309
2277 2193
2494 3076
2494 1970
2494 895
2494 3356
2494 3428
2494 1084
2494 3901
4973 3242
4973 4336
4703 19
4703 3432
4703 2871
1810 124
1810 1375
1810 3067
314 1644
314 1345
314 820
858 3164
858 801
858 3809
858 1373
4918 83
4918 330
4918 720
2562 2752
2562 3450
2562 46
2084 3090
2084 4052
2084 562
2084 1249
2084 2167
4597 3681
4597 3329
4597 299
4597 4721
4597 2752
3429 1984
3429 3741
1666 2745
1666 3513
1666 785
1731 908
1731 4323
1731 3227
1731 4208
2058 4276
2058 2782
1873 3529
1873 1430
1873 961
1873 3920
1873 1576
1873 4130
1508 57
1647 1471
1647 3319
1647 3737
3264 3099
3264 4959
1652 835
1652 1965
3552 4390
1360 1336
1360 197
1360 1928
1360 1698
1187 3245
1187 721
1187 3908
1187 1735
1187 4035
1187 4021
2620 1116
2620 3679
2620 2899
667 2595
3906 4076
3315 4080
3315 2324
3315 3307
3315 4248
2 349
2 1970
2 1290
2 4473
2 149
2 2694
2 1074
114 4944
114 4004
2978 2888
2978 264
2978 4827
1294 4910
4778 1638
4778 3535
4778 3669
4778 1196
4778 3097
4778 4656
3966 1918
5 2284
3841 3609
3841 425
3841 2970
3841 4556
2925 991
2178 3992
2178 1637
80 4780
80 2569
1330 295
1330 343
1977 4583
1977 1486
3620 4862
3620 515
3620 3982
8 4934
4230 4747
4230 362
4230 527
4230 1897
3644 3710
3644 2387
3644 2298
4881 1518
1312 2704
1312 4001
1312 2654
2555 1824
2555 3553
3253 3313
1253 3972
349 3709
349 4269
349 4989
349 3973
349 394
3602 4735
3602 1743
2415 3738
1225 1500
1225 3769
1225 3102
3358 4748
3358 3145
1599 145
1599 111
1599 985
1599 4363
2898 793
2898 1387
2898 2016
1239 4516
1239 771
1239 1965
1041 717
1041 3809
2367 1791
2367 4433
2367 3579
2800 273
2800 2343
2173 1024
2173 2477
1788 506
1788 4370
4986 34
4986 2656
1494 4116
1494 1756
1494 223
2743 2930
4928 3457
4928 2287
4928 1162
4928 3618
4928 3956
4928 1275
902 1908
902 3860
902 497
902 2074
352 2190
352 2627
3747 3695
3747 1104
3747 3963
3747 3453
3747 409
2765 1910
2765 2181
1195 4160
1080 160
1080 1161
1080 2331
1080 146
1080 952
1080 799
1080 1576
1080 1487
3753 4337
3753 1795
3753 3201
2965 3023
2965 1903
2689 661
2977 30
2977 1706
2538 3883
2624 4969
976 2532
976 167
976 653
2018 3904
2018 2284
2018 3418
3943 1538
3943 598
3943 964
3943 981
3943 487
3943 3978
3943 3441
4957 2358
4957 1713
4814 4637
4814 4478
361 1258
361 2882
361 4690
361 2023
361 4122
361 555
2268 3363
261 4721
261 2319
261 3321
261 1199
474 1290
474 961
474 3695
474 3075
474 176
474 1782
4387 2403
1258 3910
1258 1047
1258 1728
1258 1428
1258 1277
1258 3365
2248 3561
3533 350
3533 4074
3524 2982
3524 4325
3524 3536
3289 2947
3289 2921
3289 4067
3757 3915
4747 1291
4747 1119
3945 2533
3945 3714
3945 866
3147 3564
3147 546
3147 2082
3147 436
3147 4989
3147 3175
3147 4341
3147 1626
3023 658
3023 3592
3023 3177
1638 4265
1638 143
1638 4987
1638 3853
2828 1350
2828 3736
2828 366
2828 4775
2554 3205
2554 4766
889 1369
889 1013
1610 4203
1610 1437
1610 404
1610 2131
945 39
945 2627
945 4985
1920 2565
1920 3735
1920 20
1920 682
4536 4538
4536 64
4536 623
4536 3267
4536 3200
4536 2257
1423 3636
1423 682
847 506
3722 3572
3722 2677
1819 1038
1819 2210
1819 128
1819 2778
1819 1912
4781 3709
4781 4473
4781 2023
4781 1104
4781 784
4781 1215
4781 4046
850 241
850 2172
2779 59
2779 842
2779 3480
1603 3632
2137 549
2137 4012
2137 4756
2137 2625
3497 83
3497 4980
3497 1642
4862 3863
4862 1924
4862 872
544 387
1283 3202
1283 3088
145 1083
145 2628
145 4132
4788 903
4788 1033
1412 3831
1412 794
1412 4807
1412 843
1125 30
1125 3058
1125 3820
1125 2053
3527 2218
3527 1637
3527 4729
4261 3814
845 1146
845 3440
845 3318
132 3040
132 1379
132 4645
1440 3226
1440 1237
1440 1891
1440 46
3942 2130
3942 1710
998 1156
998 2552
998 3368
998 4505
601 2850
601 3159
601 2434
601 823
2214 1934
2214 4632
1087 684
1087 543
1098 4626
3866 3529
3866 3910
3866 2245
3866 4905
3866 3495
2108 2073
2108 876
2606 4958
2606 3230
2606 1112
2882 3529
2882 1675
2882 4295
2882 901
2882 1240
2882 645
4475 3855
4475 4842
4475 2748
4368 2710
1943 3951
3972 353
137 774
137 1840
137 1292
137 2937
137 3472
1181 4309
1181 3856
3469 1431
3469 1387
3469 2842
1562 1935
3865 1003
3865 1111
3865 3284
3865 2811
3865 2459
3865 4476
127 565
2681 742
2681 466
3068 102
3068 1911
3068 2665
4357 4620
4357 2304
1468 4335
1468 259
2469 201
2469 4987
2469 979
3529 1570
3529 3447
3529 2585
3529 2356
3387 4538
3387 276
3387 1138
3387 794
3387 1782
2951 4651
2951 2371
1267 1848
1267 726
4500 3956
4500 4630
4500 94
4500 1567
307 3036
307 1069
3724 3039
3836 1376
4289 1400
4289 4456
4289 2727
4289 3110
4289 2939
35 303
35 3709
35 2225
35 161
35 487
35 1576
35 1386
35 3234
35 3055
3789 534
4306 2561
4306 3976
4306 1515
4306 2813
303 4528
303 487
995 54
995 4175
995 4911
4254 2215
2482 952
2393 3138
2393 89
835 2463
835 771
835 2736
515 2504
515 158
515 1332
3688 3100
3688 1663
3680 3721
3680 220
3680 1341
630 1739
1898 1082
1898 2387
4142 3116
4142 1722
379 462
379 3318
3823 4955
3823 2028
2314 3854
2314 1914
3261 325
3261 795
1826 2763
1826 3592
1826 4114
1826 532
1826 1574
1366 1431
1366 1160
3263 3695
3263 1559
3263 4721
3263 799
4831 649
2731 788
4059 2287
2054 4127
1466 3137
1466 1037
2927 1737
2927 982
2927 4455
2927 2869
2927 3697
3202 834
3202 960
3202 3393
3202 3539
1852 2571
1852 3935
1852 4854
1852 2225
1852 1626
1604 3665
1604 380
4877 854
4877 2028
4877 4413
4342 2008
4342 62
4180 1755
4180 1404
4180 4961
4180 1365
1843 2521
1843 2311
1843 3098
479 3216
2396 4900
4489 1520
4489 2129
3570 4818
1513 3903
644 3931
1400 2241
3039 501
250 3723
250 944
250 4731
2157 1333
187 740
187 1753
187 4219
1634 3499
683 2447
683 2109
683 3113
1527 1414
3863 315
2626 4690
2626 3655
2626 3150
2626 231
2347 565
2347 1359
2347 3299
2347 592
2347 2642
2347 3321
2347 1940
82 171
420 193
1266 1975
1266 2619
282 3166
282 2140
282 3492
29 1701
1436 3084
1436 98
1436 805
3832 3835
1709 4603
1709 2870
1709 3492
1709 3539
774 4600
774 2557
2763 1574
2739 2717
2739 477
2739 1067
2739 2493
1356 959
1356 536
4552 4818
4552 4584
4552 819
989 4194
989 3954
989 1345
4169 2422
3457 4099
3457 4036
3457 2493
3457 651
1398 2808
1398 1498
1122 3813
1122 3927
1122 1264
4750 787
4750 548
3555 3129
3555 229
3555 2582
308 118
741 73
741 909
103 829
3721 1371
1763 4039
1108 570
1108 865
1108 4081
1108 970
3958 4167
3958 2636
1693 1521
1693 2135
1693 385
4205 4723
1281 4512
1281 1322
2002 772
2905 2366
1146 3385
3148 2595
3799 1221
3799 3694
3799 301
4339 3581
3364 387
4773 634
4773 3627
4438 4210
4438 842
1399 1221
1399 3105
1399 4762
1399 4265
1399 3853
1929 4870
1929 1243
220 2931
4736 4264
2730 1738
1978 4501
1550 3099
2776 2762
2776 1208
3949 2999
3949 3941
3949 2667
3949 1931
1409 1921
1409 343
1916 23
1916 4533
3245 101
3245 4241
3245 2656
4555 2930
4555 1133
1538 218
1538 1103
1538 3142
3551 2643
3551 1045
4794 1659
4794 1139
1395 1076
1395 4093
4160 4116
4160 1101
4160 2414
4160 371
4160 869
4160 1051
2660 1085
2660 4064
4445 1514
4445 3032
4445 3683
4445 1779
4445 1160
2675 4952
4427 4952
4427 3127
3040 3915
3040 2747
3040 909
1048 439
1048 1437
1048 1777
1048 722
1048 1196
1048 4314
1246 2565
1246 2967
1246 2477
1755 4332
1755 4117
828 804
828 3991
828 2578
2090 362
1701 20
1701 871
4168 3872
4168 1052
4168 2701
1938 2452
1938 4749
1938 3220
913 2476
3133 93
201 1547
201 4490
201 869
201 2908
1430 227
1430 731
1430 3868
3981 3142
3981 239
3981 1215
3981 950
3981 2922
3981 358
3981 555
4558 4290
4558 3252
4440 2160
2953 4161
2953 3822
4049 2762
4049 2325
32 4639
32 300
2046 3128
2046 2646
3514 4454
509 2115
509 425
509 198
2705 1845
2705 2338
2705 105
3744 3120
807 997
807 4378
807 3842
4325 877
3988 3917
3988 3058
3988 4612
3681 3915
3681 592
3681 2774
3681 3922
4337 1812
1035 4686
1551 473
1551 2703
83 1193
83 4446
2859 1976
3204 693
3204 2890
3204 958
3204 3909
3204 2091
2861 2967
2525 650
2525 3003
3183 2193
3183 2297
3183 4880
737 2272
737 2552
737 3406
737 3013
3709 1956
3709 2307
3709 398
3709 3317
3709 2384
3709 3973
3709 376
3709 4688
2945 4905
3383 4639
3288 760
3288 3348
3288 1971
4116 3535
4116 3888
1337 2934
1337 3579
1337 2036
4828 3768
4828 1784
4828 4993
86 781
1006 2195
1006 4195
1477 1669
1477 602
1477 3280
4532 2523
4532 3852
658 45
658 3465
1584 1145
3710 4620
3710 2791
347 4301
347 3956
347 1102
1737 639
1737 3838
1737 4698
108 1900
108 3926
2639 511
2639 761
2639 848
2639 3782
2931 3099
212 4510
735 2370
735 3476
735 4846
735 1234
735 2713
735 2899
735 3351
4290 253
4290 4940
2190 2796
2190 4085
3176 3017
3115 1973
2238 3877
373 1458
790 367
790 2889
1947 2470
1947 1435
1947 4642
1219 3325
1219 2604
1219 67
241 944
241 3647
1669 4870
1721 744
1721 4035
893 3636
893 4135
893 3727
893 1326
444 4405
444 1289
444 1240
444 3517
444 493
444 818
444 1658
3774 3152
3774 1336
3774 4292
3774 2196
2011 332
2011 1534
416 885
416 4842
416 2591
416 1475
416 2913
416 1891
931 2523
2422 3546
2422 779
2422 4631
2422 2221
1242 3058
1242 3623
135 3330
135 1656
1874 3532
2682 4366
2682 3033
2682 1069
3208 2153
3208 1640
3208 1155
3076 437
3076 3591
3076 1161
3076 901
3076 3495
3076 3869
3076 161
3076 3808
3076 3651
3076 2737
4615 2307
4615 3831
4615 542
4615 1862
4615 811
4615 3450
4615 4893
1308 1927
1308 1417
1308 4143
387 1531
2999 2385
2999 2648
2999 4069
3233 3694
3233 3777
693 3252
4786 3876
1671 2447
1671 1483
1671 1573
1671 4911
1671 292
2944 4961
2944 2376
708 2809
708 227
708 1625
708 1565
708 4613
708 975
74 2937
1221 3338
1221 1061
15 1271
15 3230
1514 1587
1471 3010
1471 759
1829 4411
3780 3013
3780 872
3780 2041
1633 788
1633 3051
4177 3781
2321 1082
2321 1497
2153 529
4194 2963
2722 2220
2722 2924
650 4034
650 4121
650 944
4538 4405
4538 598
4538 523
4538 3386
1930 2989
1930 126
1930 251
1254 954
4042 1910
4042 1622
4583 1032
4583 1467
4583 2410
4583 4416
4583 3449
3564 1290
3564 3284
1809 170
252 2785
4559 386
4559 1123
44 2598
44 4752
44 4217
44 2130
1114 4866
1114 4092
1114 1799
1114 2698
3405 34
3405 2720
3405 33
3405 2094
3742 1153
3742 3728
1116 4587
1116 766
1116 2683
4913 588
3010 3005
3010 3572
378 171
1211 788
3910 2938
1392 566
1392 2022
1970 526
1970 2952
1970 822
463 4364
463 619
463 2781
1839 1566
1839 4192
1839 366
1839 2306
1290 905
1290 2484
1290 4734
1290 376
1290 2752
1290 3321
3152 4233
3436 990
3436 795
3436 2274
4203 4391
4203 1084
4203 1858
4203 2247
2116 2627
1038 4467
1038 1807
1008 4098
4263 1191
4263 1044
4263 3938
2532 1434
4473 794
4473 215
4473 1560
923 2888
1786 1055
1786 4643
1404 983
1404 4883
3490 4826
1908 1111
1908 1425
1908 3158
1908 2389
1908 4335
3752 3129
3752 3153
3752 4690
3752 1191
236 2254
236 204
236 284
236 1382
1444 506
1444 3601
1444 1530
1444 1208
317 1641
317 1844
317 4861
317 2603
317 94
317 2168
2640 3953
2640 2614
3455 3036
2926 535
2926 2683
2886 3706
2886 1322
2890 2821
2890 1927
2890 4032
2890 1237
2890 4446
3941 1313
3941 2193
3941 2701
3941 4024
3941 1848
1772 4724
1772 3691
1772 2094
1662 4065
1662 4947
1662 956
905 1888
905 4485
905 3
905 3786
905 2721
1230 88
1230 2109
1230 3426
1462 2937
1462 3613
1462 3373
1462 1632
1462 3449
2358 4972
2358 3708
2358 2613
1956 1664
1956 4848
1956 206
1956 597
1956 1751
1956 2102
1678 935
1678 1051
1678 766
1678 2441
2514 4641
2514 486
4430 1111
4430 1565
4430 2617
4430 1576
4430 2721
4430 2323
1962 4063
1910 4224
276 1255
276 3329
276 141
276 3462
276 3808
276 3321
276 3713
2754 3892
3294 558
3294 2142
3294 2504
3294 3683
3294 1779
849 4846
849 4853
849 2566
2119 3053
2119 2052
2119 3539
1641 1162
1641 3915
3875 357
3875 353
3081 442
3081 4407
4836 2213
4836 4487
377 4812
4452 4175
4401 427
4401 2914
4633 2749
4633 2140
2598 4270
2598 4501
2598 823
935 2240
908 4700
908 170
2216 1644
2216 1806
2216 211
655 2266
488 2821
488 3626
488 3097
3508 3007
3508 3020
4608 4488
4608 4250
2716 3682
2717 1570
2717 523
2717 3670
2717 2992
2717 2441
2809 1103
2809 4529
2809 3517
2809 3808
2809 1940
193 3951
193 4949
968 4454
968 2365
961 3209
961 1338
961 3788
697 641
697 3396
1271 3088
1271 1291
4076 357
804 3550
804 424
974 1071
974 1598
974 198
974 4647
974 4808
3161 3824
3161 712
4015 1728
4015 2212
4015 4047
4015 483
4015 2319
4015 4843
570 1507
570 851
2287 4866
2287 2857
2287 263
2287 411
2287 257
2287 3416
1255 546
1255 1996
1255 964
1255 1428
1255 2883
4812 3181
4812 283
4812 1012
4812 4124
3195 4198
3195 2674
3044 1106
3044 48
118 3159
118 3735
1306 966
1306 4863
1306 4859
2370 2821
2370 4225
3293 4295
3293 2992
3293 4687
3293 1049
3293 257
3293 3576
3293 3714
3293 818
2024 13
2024 2504
2024 3475
2024 4414
2024 1457
2024 3472
2024 3058
2024 33
1298 4499
1298 3444
2220 2596
2220 2500
2220 2726
2521 4277
2521 3299
2521 4485
2521 1074
3764 1159
3764 2665
3764 3845
4748 1957
1182 3138
1182 3998
4276 372
2210 3145
2210 1950
755 1719
2344 3852
2344 2849
2134 3506
437 2857
437 1215
437 1358
437 4130
829 844
2448 4182
958 2091
958 4548
958 700
218 2745
218 3685
218 2257
903 1931
4238 4199
4238 4713
2567 1850
2567 2686
2567 2737
2567 3588
4724 3393
4025 4601
4025 4235
357 4115
4246 3815
4246 1536
4246 2187
49 3542
4607 3691
4607 3759
4607 2163
4607 2449
3353 283
3353 4159
3353 4468
1101 3678
1101 4032
1101 4565
325 1056
325 1446
4797 1519
4797 400
3603 1170
1570 4829
1570 4365
1570 1597
4392 4409
4392 688
4392 4184
4392 2118
2444 3761
2444 1549
565 2110
565 4829
565 1499
565 2642
3435 2309
3435 4556
3435 2985
3435 4413
3403 4897
3403 1854
3403 4239
4151 1924
4151 337
4151 1333
1350 4210
1350 2701
1350 2429
3862 3160
3862 2546
3862 3669
3862 2556
3862 2591
3136 1640
3136 1849
3136 2129
1066 4570
1066 2614
1245 3091
1020 3008
1020 1132
3140 886
783 1353
4179 2816
4179 3606
3095 1013
3205 4331
2197 398
2197 680
2197 239
1331 1697
1331 963
4600 2350
4600 3474
4600 434
4600 525
4600 744
4600 2623
3723 3091
3723 676
3723 4803
3278 2463
3278 3904
3278 4549
3278 4043
3483 3452
3483 4744
3483 4235
203 2939
3637 4576
3637 878
3637 4539
558 370
558 3921
558 4505
3679 96
3679 556
3679 3476
3679 4528
3612 3065
4864 180
4864 2736
2934 2297
2934 61
2934 1175
3528 1089
3528 4283
1952 3567
1952 516
1952 471
1952 4340
78 1103
78 4690
78 750
78 257
4456 3273
1711 3728
1711 2983
1711 3999
861 917
861 3656
4090 1217
900 1024
900 4501
4479 1927
4479 4923
4479 2942
4479 192
4479 4842
4479 950
4479 866
4479 4314
3500 1291
3500 819
3500 3711
3290 60
3290 2792
1377 3881
1377 4403
2561 1492
2561 3347
2561 3254
3411 3144
3411 3504
3411 4171
3411 3771
3992 3310
3992 4001
3992 1379
4127 348
4127 3654
3325 714
3325 793
3325 3480
2307 3108
2307 3277
1227 2710
1227 2121
1227 776
1227 2552
1227 370
1227 4192
398 982
398 3585
398 950
3607 684
3569 1840
3569 1143
3569 4218
3569 4011
2818 4242
4424 2136
4424 4652
4424 1710
2503 1779
2503 1160
4997 4912
4997 1264
990 1296
990 1233
792 2967
792 682
473 732
473 1605
854 3922
854 3207
854 2654
1504 1840
1504 1077
1504 3683
1504 1573
1504 200
1252 906
1252 3962
546 4269
546 64
546 2643
546 3961
1018 2498
4488 3020
2267 2377
2267 2325
4470 2175
4470 3477
2515 2022
1162 4808
684 4705
684 3816
3160 2962
3160 246
2405 2551
3049 3141
3049 3464
3909 3338
3909 2826
3909 2097
3909 4719
886 428
1065 2867
1065 1351
1065 996
1065 597
1065 822
1955 3126
1955 3088
1955 819
1955 1648
4866 4092
4866 784
4866 3786
4866 4346
1173 862
1173 247
4353 3326
4353 1299
4353 4264
1138 3867
1138 895
1138 3920
1138 1054
1138 841
1138 1137
2867 4988
2867 4493
2867 1007
2867 2686
2867 3240
678 4853
678 3916
678 423
678 3689
2571 4905
2571 482
2571 4110
2571 173
2571 881
4641 3043
576 3633
576 971
2080 1722
1055 2071
1055 580
4680 4589
681 602
681 943
528 2962
528 2534
528 2264
3105 2247
3105 3714
4654 1505
2363 2589
2363 1206
3831 3513
3831 3901
3831 4314
4277 256
4277 840
4277 1028
1321 3626
1321 3894
2301 2152
2301 2496
2819 1595
1183 3175
1183 950
1183 843
3338 96
3338 4409
3338 4111
3338 4528
3338 4842
3338 246
45 837
45 3948
714 4815
1047 1643
1047 401
2082 3394
2082 4122
2082 3055
3447 4133
3447 1689
3447 149
3447 257
3775 3347
2838 862
3329 1940
3071 3053
3071 2725
3071 2019
2414 3777
2414 430
2414 710
1145 519
1145 2966
2142 4279
2142 1387
3706 3995
3706 2094
273 2488
273 3350
3012 154
3012 1106
4998 1467
4998 1261
4998 525
4998 3521
4998 4995
4762 2260
4762 4695
4762 2253
3814 4174
3814 1919
1675 1003
1675 3670
1675 4346
679 1605
679 4975
1073 202
1073 3446
1073 4818
348 1549
2195 3741
2195 3273
3586 3203
3586 1710
1318 552
1318 2110
1318 3019
2091 2275
2091 665
2091 4842
1359 1996
1359 734
1359 2319
4952 3657
4952 281
2038 2796
2038 3310
2038 2758
982 3226
982 2322
982 1237
782 101
782 2794
3242 1153
3242 1032
446 506
446 1906
3421 4771
3421 3890
3112 1105
3319 3478
1986 1605
2296 966
2175 4467
2175 406
2175 1433
2175 1296
1241 2318
1241 863
1241 3273
721 4414
721 3032
721 872
2350 1840
2350 1735
3092 36
3092 1206
3092 4802
4019 4603
4019 2814
4019 4512
4019 1933
1010 2825
1010 3426
1010 791
3686 3154
3686 4893
4295 2068
4295 1289
4295 4396
4295 2558
2352 3475
2352 1153
2293 2165
2293 2792
447 542
447 430
447 1597
447 4300
1238 2510
1238 3438
432 1766
432 182
4405 2881
4405 3851
1526 2658
1924 3032
1924 1364
1924 742
2068 1708
3618 4130
834 2917
1363 797
1363 364
2670 3007
2670 3203
2670 3857
3299 2150
3299 4690
3299 3394
3299 787
3299 1782
1996 1708
1996 3963
1996 3922
1996 268
4061 3419
4061 4851
4269 2528
4269 3576
4269 4808
746 4611
2378 4083
2378 1335
1749 4052
422 647
4570 3743
4570 821
707 1107
707 2045
1070 4213
1070 772
2227 3047
2749 4554
2749 3397
2749 4657
2749 2048
96 3795
96 2042
96 587
4022 481
429 806
552 1886
552 2938
1235 3323
1235 4568
1235 3472
227 4840
227 4646
227 2808
227 277
477 523
477 95
477 1580
3002 1904
3002 1118
4467 210
4467 2427
4467 800
4838 706
4838 1607
4838 2651
3499 210
3499 2778
3499 2295
4715 2109
4715 4764
4715 3449
3238 4987
3238 4423
3238 1498
3238 2691
4894 1744
4894 2815
2283 2092
2283 163
1791 726
1791 3521
3867 290
3867 1625
3867 1537
3867 1539
3867 555
3633 2649
3633 1291
3633 4248
329 502
1313 4210
1313 4655
1313 4024
1313 4880
1503 4231
1503 4170
13 4830
1616 1067
1616 3585
1616 1084
1616 2875
1616 4598
1616 587
4472 4460
4472 4540
4472 2613
1961 2360
1961 1960
3768 1170
88 1261
88 1814
88 2306
3591 1289
3591 512
3591 2942
3591 3718
3591 3111
3591 3901
3591 2441
3591 2114
556 2425
556 3108
2553 286
2553 4698
2553 4893
793 2983
2592 2880
12 3476
4376 567
3684 2452
443 1742
598 2465
598 152
1659 451
1659 4471
1659 4775
1659 400
3928 2782
1034 4486
3763 1720
3763 3220
4593 1106
4593 232
4129 1123
4129 702
4670 1927
4670 2564
4670 215
1024 4602
2366 4776
3099 380
2447 2724
1988 1089
1988 3504
1988 4207
1988 1656
4465 3270
1724 1446
4587 3333
4587 2118
4587 3154
4099 1728
4099 3394
4099 2747
4099 4647
4099 1857
4197 3123
4197 351
4197 3302
3915 3871
2506 1741
1653 1528
983 2963
2998 2016
2998 4009
3265 1090
153 2088
153 4303
2543 2138
2543 122
4902 3812
706 65
413 3561
413 1771
580 1405
111 2088
111 2010
3872 842
3872 4148
3872 1848
641 4949
3322 4272
2745 1496
2745 3462
2745 3795
2745 4893
2745 358
2480 4301
2480 160
2480 2915
2480 881
4115 4028
2470 2522
2470 3461
4480 3407
4480 1025
2351 4932
2351 1385
662 1291
662 3220
662 971
2474 2780
4840 2484
4840 4613
4840 112
4840 1199
4023 1275
3526 1505
3526 283
3526 2398
1888 3599
1888 2881
1888 881
3164 2894
4198 1445
4198 4349
4198 3927
1661 2785
3592 1984
3592 2107
169 719
169 1963
169 2804
2022 2853
4358 794
4358 2289
4358 4808
2770 3726
4236 1769
4236 50
52 3118
52 4111
52 190
52 4719
52 129
3452 789
3452 4185
3452 860
3452 917
4195 2569
4367 1933
1558 1673
1558 1215
1558 4893
1558 2253
3439 3414
3439 2826
2360 4510
2360 244
2360 1201
436 4989
436 2151
436 376
436 1673
436 2547
436 2698
436 843
4603 865
3414 3933
4850 4620
4850 3708
1596 2086
1596 4088
3695 1260
3695 4721
3695 811
3695 497
2504 4568
2504 2019
3090 1011
3090 2262
3090 2078
4602 4270
4602 4886
4602 3971
3209 141
3209 2239
3209 3284
3209 1987
3209 3424
3079 3502
3079 3708
639 3333
639 1302
639 1107
639 2609
639 2881
592 924
592 1191
1103 787
4280 2724
4280 1552
1172 3240
3855 1982
3855 277
3855 2936
3855 4595
3855 2257
210 1497
210 453
34 3621
4906 2676
4906 2372
4906 4962
2710 3445
2710 3318
2710 2623
4766 1273
788 897
788 4885
788 3384
511 575
511 4713
3166 3220
3166 2184
2946 2490
2946 2615
3075 4989
3075 1940
3075 46
599 4744
3535 2176
3535 1353
4419 1785
4419 1580
4419 4046
4419 1597
4419 651
4409 1927
4409 979
1882 3013
1882 4855
1882 4336
3501 4267
290 4923
290 1860
290 1044
290 358
4509 275
864 1119
2862 508
2862 2403
2862 3793
2862 2259
2741 560
2741 3038
4329 2928
4329 3921
3545 4550
3545 910
4883 2391
4883 820
3270 4411
3270 2593
3041 3138
3041 235
3041 267
3129 3019
1720 3014
1720 1083
1720 4408
1478 1117
1478 3979
1478 1700
3235 1601
3235 275
3235 744
3235 4612
3725 2968
3725 3693
4526 4567
4526 1613
4526 2602
2049 3812
2049 771
688 3476
688 487
960 1525
960 2302
960 341
2218 3905
2218 2596
2218 4645
3182 4206
3182 4307
2895 3224
3549 3738
2755 4340
4830 4568
4830 1685
4830 3700
4830 4336
2551 4686
4485 149
4485 146
4485 1940
4780 1362
4780 2376
1840 749
1840 2856
1840 1706
1840 1456
1840 4416
731 1625
731 141
731 2915
731 2698
731 152
3597 4120
3597 2192
4776 3701
4776 1357
4028 1677
2231 4865
2231 486
4034 331
4034 593
3333 523
3333 1506
3333 412
3333 2487
3333 170
3333 1167
2035 813
2035 4782
3674 3398
3674 2813
2115 3317
2115 277
2115 2459
2115 3186
2115 483
3933 1152
3933 4223
2583 2834
384 4366
384 180
1441 1507
4988 2694
4988 1560
2546 1067
2546 4646
2546 3585
2546 4842
54 3837
54 744
2313 3737
1619 2747
4637 3388
209 3994
209 2811
954 875
954 2585
954 1425
954 4455
954 1643
954 512
954 2389
954 3786
4819 3842
395 1625
395 4695
395 1498
2484 3495
2484 784
2484 4767
2484 268
2303 3734
4432 2534
4432 475
4432 2899
3401 2349
3401 3511
3401 3818
2425 1437
2425 4987
3385 2306
3385 3480
3509 65
130 2604
130 4497
1892 1139
1892 62
1892 3172
1892 2429
1892 4815
4244 654
4244 3020
4244 3857
73 2924
4324 1502
4324 192
4324 3903
4324 4018
3730 3765
299 4092
299 1104
299 3748
299 3055
4493 3109
4992 7
2251 30
2251 4887
3678 4391
1654 1850
1654 988
1654 1107
1654 869
1654 2102
3159 3029
3159 1620
3159 3051
4932 3184
4932 1531
4932 3215
4932 673
4270 3668
386 4933
71 4626
71 4919
1067 523
1067 3221
1067 3713
245 1886
245 1191
245 268
1660 2309
1660 104
2136 37
1925 4207
1728 3963
985 2870
985 851
985 65
985 1933
92 4614
92 491
92 27
92 65
3729 3445
3729 1143
3729 337
3729 4020
3729 2013
666 2940
1601 557
3621 1686
2976 4568
2976 3940
1528 4691
2831 3645
419 4497
419 4009
419 3803
1011 2720
1011 4612
4301 875
4301 811
4301 1275
3475 4815
4102 1297
4102 1372
4102 79
1904 270
1904 3732
1003 3956
1003 802
1003 483
4222 876
2174 4145
3216 4823
3216 4152
428 1520
654 1700
3561 4052
3561 3404
3561 369
3561 1933
2852 1593
740 4152
2618 2088
2618 4420
3661 3660
3661 3536
3661 4609
2189 2201
2189 2940
2189 1448
795 1510
749 776
749 1735
749 150
749 2461
1984 2750
830 510
4433 2152
4433 3579
4433 3554
1082 57
4188 3005
1292 1552
1934 760
1934 4174
838 4178
838 401
1493 255
4380 1559
4380 3284
4380 3246
4380 2737
58 2813
58 2896
58 105
2589 1206
3960 1329
3960 4826
1071 152
875 3317
875 1111
875 3935
875 2671
875 2617
875 1358
875 4656
3125 1089
3125 1767
3125 1464
3125 4731
3125 1561
3125 3155
3134 918
1569 3089
1351 3394
1351 3495
1351 404
1351 1498
1351 4122
4251 4053
4251 539
2109 525
865 3326
865 588
865 345
865 3578
865 4132
270 3156
270 2880
270 3193
3567 3932
3567 1561
526 3851
526 3588
526 1857
3994 3211
3994 2550
3994 1858
3994 1074
3994 95
3118 4490
3118 648
3118 3001
4309 3844
442 543
4684 1637
1817 16
4133 3838
4133 3226
4133 2721
4133 173
2692 1629
1714 247
1472 3351
1742 4859
2707 3028
2707 1769
2707 1803
3883 4944
3883 3619
3883 3467
2182 1348
2856 1143
2856 2586
382 490
382 4737
1500 776
2585 4848
2585 497
2150 4341
2150 2642
2150 2879
2150 3685
4178 3847
4178 4861
3668 4217
3668 4065
2450 4462
4844 4966
2473 802
2473 2331
2473 1045
1566 3793
1566 3982
1795 4275
1795 1234
716 4756
716 1739
3956 4905
109 4462
109 991
109 1825
109 3803
286 901
286 3626
286 412
1153 2262
1153 2725
1875 2411
1875 3632
1850 996
1850 482
1850 1576
4544 748
4544 3489
2343 230
897 4752
897 37
1052 1822
1502 4092
1502 3317
1502 4313
1502 3495
1502 411
1502 2323
1542 4567
1542 3301
4869 1200
4869 4975
4092 1425
4092 1862
4052 4241
1625 671
1625 2936
2387 2855
1907 3699
1907 1372
1907 4369
439 981
439 323
3652 1531
3652 3042
3652 4213
4496 4713
4496 4009
1302 1007
1302 597
2193 3543
2193 2368
2193 3067
2193 315
1081 3604
2528 2979
2528 4721
2528 1277
1156 4175
1156 1364
1156 4070
1156 3999
1156 4069
451 2306
3317 2023
3317 3520
3317 160
3317 2331
3317 3576
3317 2881
3317 2848
4391 498
4391 4650
4391 3568
4391 3777
4391 1746
4858 2758
2212 146
895 2260
895 3669
895 4981
895 4672
4596 4213
4735 1844
4735 1279
4735 4413
2121 4279
4832 4217
4832 4065
4832 682
1362 3360
1362 3976
1818 1876
1818 1861
3907 1748
3907 704
4666 1139
3138 2328
4299 940
3053 4693
3445 2719
4242 2222
3761 781
2839 462
2839 4070
3804 4823
3804 2942
3804 2873
288 3689
288 993
3142 3669
3142 4923
3142 487
1510 14
1532 2537
1532 3843
1532 4035
1532 4849
1532 1771
4575 1373
3323 819
3323 369
2929 399
1338 3150
2143 4837
2143 1061
2143 3280
2143 1642
2143 4152
2537 3700
2537 2019
2537 1552
4568 3558
4568 1160
3920 161
3920 221
3920 811
3920 785
3920 418
3920 3240
121 809
121 3274
2857 3520
2857 3
2857 4829
2857 2146
2857 1096
880 3991
4241 3917
4241 484
4241 27
4241 1771
2706 3772
3360 4793
1876 468
3847 3659
3847 4001
3101 2037
2814 1928
2814 3255
2814 4422
2814 4344
498 1951
498 2454
498 648
906 2584
906 606
802 4047
802 1560
802 651
802 2127
2266 4820
661 860
661 4124
3953 4789
3953 3093
2821 4636
2821 1061
2821 3584
3659 2245
3659 4861
3659 1104
3659 4733
4690 3748
4690 4806
776 1896
776 292
3976 2391
3976 510
4685 2952
4685 160
4685 2356
4685 1499
4685 2915
4685 1560
4685 2922
2989 2894
2989 2534
2932 3887
2932 1918
102 4487
202 2072
3773 3
3773 2603
3773 2694
4525 2078
4525 3172
4415 230
2088 4080
2088 3326
2088 156
3007 2587
2774 3655
2774 2028
2774 3019
2774 3416
2774 909
3812 3418
389 3772
389 3225
1525 491
1525 1495
3877 2658
256 750
256 1380
256 3200
549 4012
549 3805
4016 2429
4016 2337
1844 2356
1844 1743
3014 1516
3876 4842
3876 1980
4073 1577
1032 3820
1032 2399
1032 715
1032 3940
4614 3307
4614 1794
4614 4399
4614 3711
4614 2069
4614 1771
154 510
3458 3931
506 4744
1385 2673
1385 4824
1913 2509
1913 4542
4435 4363
4435 2184
4652 20
4652 2587
3091 3003
3091 4283
3091 3155
3109 733
3109 937
3109 2040
3109 259
3109 4476
3109 2465
2023 3386
2023 4996
2023 4130
2023 1658
1086 3657
1086 3207
1086 3850
4662 1585
4662 3519
4946 996
4946 3869
4946 881
110 1685
110 4218
110 1855
759 3478
368 3743
4592 3516
4934 3822
312 4323
312 4837
2261 769
2261 2297
2261 3793
1369 196
1369 281
2213 3504
2519 4768
2519 3365
1352 4727
1352 710
1352 1243
2893 1885
2893 4063
2893 986
2893 2697
852 4767
852 4595
852 1199
852 344
3187 1057
3187 4227
141 3428
141 1215
448 2418
4323 1193
4323 3154
3520 622
3520 94
3520 1215
3520 4767
2892 3036
2892 3604
3252 4930
1317 1390
1317 4247
2949 2986
3394 787
3394 1980
3394 2908
3394 2922
884 4460
884 3033
2967 1636
2967 138
4411 1741
310 3467
1354 385
1354 339
3173 3438
3173 4826
1807 2993
4305 622
4305 2558
4305 734
2854 3647
2272 2552
562 2428
2245 2558
2535 2833
3 3453
3126 1249
2655 1303
2655 1448
4048 3727
2928 1261
2928 4020
2260 143
789 2762
789 1906
789 917
128 800
3905 1002
3905 4630
4861 3362
4861 2938
862 2768
1002 734
1927 1858
1927 2936
1927 3227
1927 1746
2311 3935
2311 2643
2311 4455
2311 3158
2311 2694
2311 645
2311 1626
2833 2628
2833 1112
4163 3330
4163 4121
4989 680
4989 146
964 2389
964 3718
4695 981
4695 680
4695 733
4695 3593
4695 221
4695 4208
4695 609
2008 1587
2008 791
3229 1957
2600 246
3346 2379
3346 751
1111 3947
1111 2721
1111 2465
3123 4212
3123 3807
3123 3995
2952 1045
2952 3961
2952 548
4829 3585
4829 784
4829 799
36 3016
4512 1516
524 156
3446 4422
1007 4734
1007 4923
1007 418
1007 3685
1007 3901
4240 2569
3145 3930
2962 2275
1799 2007
1799 1199
3363 4096
2410 2072
2410 175
64 4335
3493 3735
3493 4834
3493 2230
4636 2247
4636 4981
4636 587
160 4905
1289 799
1289 3903
1289 3342
4966 2050
4966 115
4184 4845
4184 3221
769 508
769 2152
769 2429
2483 516
4646 4247
4646 1229
4167 3443
2146 3510
3663 719
3663 3817
2201 877
2201 1775
2201 4945
2201 115
1161 680
1161 3718
2509 1017
3269 1976
1159 2563
981 2617
981 869
2802 4779
3088 851
3088 3578
3897 3857
4141 4331
4141 517
3084 3805
3084 4135
533 2658
1697 23
4926 2138
3116 808
3005 3151
3005 1889
3064 4159
3064 2305
4626 2031
3669 722
3669 2131
3669 3888
3008 3201
794 535
794 1260
794 493
794 95
794 1199
1694 4698
1694 950
4567 4315
4567 38
4567 2947
3188 2170
656 1149
656 1656
656 1561
2141 2192
2275 1244
2275 3790
3732 3422
351 1077
351 4175
1202 3964
1202 1656
4994 1902
4994 4527
2181 2488
2181 992
4275 1243
1396 1886
542 1084
542 1673
542 3221
126 3144
126 4003
4330 1213
4330 4062
1667 2768
2198 1636
2198 3037
2198 2132
2198 4442
4905 3416
2222 877
2222 4063
3413 3755
754 93
2718 517
2273 2656
1684 3215
3124 1556
2993 3638
2993 1017
2993 653
4460 3692
1845 1613
885 2203
3614 2487
3614 1353
3476 1506
3476 1234
2154 918
2154 1139
2154 434
2391 1345
3543 3844
4279 3982
4279 3172
505 2199
505 4009
2486 4148
2486 1814
3585 248
3585 535
3585 869
3585 95
3585 3055
2975 1224
214 1299
214 1831
214 3309
3583 4933
1425 146
1425 3868
4313 4656
4560 2612
4560 2338
4560 4311
1815 2756
1815 1760
1815 4199
1815 4009
1692 4696
1496 4845
1496 2713
1496 3853
3560 1435
1206 4264
4938 94
4938 1074
4938 3150
3736 2199
3715 4616
2356 4361
2356 612
996 2239
996 952
996 1449
1140 3028
1140 175
4546 3581
4546 3018
4546 1696
3558 1457
3558 3750
3558 2557
1100 2331
1100 1987
4738 1341
4738 2371
2240 4613
2240 1560
4365 94
4365 1386
4365 1380
4365 3321
3575 2492
519 1757
2529 222
211 2099
4920 4691
4057 4649
4057 3343
4080 2917
4080 3309
3356 2957
3356 2691
3356 1237
3356 2114
4265 597
4265 3108
1446 4939
1446 2295
901 4687
901 161
1077 531
842 4800
4077 2264
4077 412
620 3885
620 350
1507 4315
1507 4193
1390 4622
1390 1753
1390 1353
1911 4789
3326 3301
3162 3922
3162 4556
2199 3103
2199 3521
2199 2650
680 4661
680 512
680 1539
680 4122
680 2873
680 206
680 3055
1169 2750
523 2225
523 2465
3503 116
3503 1530
3645 1367
3645 824
2552 3921
2552 4069
732 3852
732 4609
2331 411
2331 2493
2331 3240
2331 323
4622 5000
4622 170
508 2468
3377 1617
3377 1329
2384 1777
2384 4854
2384 1689
2384 1858
2384 225
2384 2721
2384 4476
2384 344
4185 3045
4185 2269
3854 1322
91 4865
91 3369
91 2284
3935 4734
2649 362
2649 3397
2649 4604
2649 2917
2649 4349
750 1102
4017 2126
4764 918
4764 3472
510 3168
510 1518
1719 480
1719 4492
4268 2968
4268 3693
2086 1401
1902 1249
1902 3613
1033 4655
1033 3828
1033 4351
2843 2593
2596 3850
2596 4285
1102 3175
1102 1560
1102 3240
1102 3851
1102 651
3756 1855
1775 4354
1775 2614
1822 4216
3201 2549
3201 4223
239 4036
239 645
2643 2289
2062 525
3660 2129
2704 4335
1824 3673
3939 3151
803 1632
803 3390
4698 4529
4698 3651
4698 2848
3885 2791
4734 1240
4734 535
4734 4130
634 1133
2379 3149
2379 1150
4420 2917
4528 1237
4528 3888
4528 710
4528 129
455 1803
455 50
2152 2842
1866 3581
4315 2435
4114 2498
4807 937
4807 507
4807 975
4807 4847
4807 609
4846 423
4846 665
4846 301
4292 134
4292 692
197 530
3495 3386
3495 2558
3495 2863
1636 647
1636 805
988 4396
988 979
988 192
988 2294
4361 4630
3986 3734
3986 3442
1374 4599
1374 3632
1896 458
1896 2041
1713 2736
1547 3219
1547 1980
1547 2663
1559 799
1559 643
1559 305
2017 4971
2017 4598
2017 2441
2256 1757
2256 4272
2256 3489
4579 4835
4579 668
4579 2230
1672 3534
1672 4054
1672 3749
2894 943
859 3601
3513 3777
1685 4681
1685 1000
4768 924
4870 665
4870 4980
3973 2045
3973 1054
2063 2740
677 481
677 1476
677 501
3175 3361
3175 2564
3175 3234
516 3809
1249 3028
3484 3120
2960 2386
2960 3347
283 2308
283 4468
2924 4375
322 1800
322 1520
322 3852
322 560
322 4326
322 3629
4802 2602
1130 4012
2870 3995
4379 1027
1592 4221
2377 3311
4175 1521
4175 370
4175 4416
4175 1023
728 4542
728 3196
3881 1963
3534 4098
482 1643
482 2547
482 2747
1506 1537
1506 4710
4854 1982
1256 1458
4293 464
918 3837
522 514
3043 3409
4584 1495
4250 4756
2817 1657
61 4351
2614 4975
4455 4687
4455 597
4455 2114
1811 4148
3504 550
3504 1464
3504 2619
3589 3702
3589 1897
2477 1117
2477 2816
2477 2130
2477 2230
1617 1849
4032 4796
4032 3795
4032 4595
4837 4220
4837 3305
1132 4340
1132 1812
827 23
3624 1668
2799 1677
1664 2671
1664 2737
4655 1403
3824 2820
1753 2118
1753 3790
1753 1348
1076 40
1076 1139
1076 848
1076 2629
1076 2404
3502 3285
3502 1957
595 2840
567 3192
4756 1489
3391 2117
4247 2957
4247 418
4247 246
3032 742
3032 200
4039 2187
4039 136
719 4030
2138 4091
143 3517
143 1049
143 215
143 2253
3828 2914
1376 2187
475 4853
4853 4002
1107 4981
1107 4656
3303 3442
4364 4164
991 625
991 3627
1521 40
733 3670
733 4687
733 3697
733 609
1085 596
2324 3220
2324 1548
637 3089
3638 3196
2602 4657
2602 4349
2602 1715
1229 1131
3683 581
3683 4775
134 3398
1244 3000
1244 1484
3916 2688
4569 3337
4381 4803
471 943
2603 3542
4681 4471
4681 2983
4686 3155
2778 1663
4796 2118
4796 648
4796 3221
4002 3790
4002 4220
3428 2533
3428 799
3428 4656
550 4123
1184 4328
1184 1194
1184 2625
3177 4782
3177 3459
3177 1422
1516 3711
2610 4408
2610 1794
3348 1859
3348 1577
1779 2404
1779 200
4835 4491
4835 4312
3406 40
3406 1171
4650 2826
4650 223
4650 133
1104 1428
1104 3851
3830 4219
3830 1451
3932 4121
3932 476
2981 3656
1457 2983
3608 1595
4341 1565
4341 1260
4341 3453
4851 208
4851 4304
1364 4943
1364 1855
4522 3542
4522 4285
1240 2040
1240 4047
1240 4122
1240 259
1240 344
3369 4227
1689 2294
1689 555
2665 4978
2665 3580
2302 1083
2302 1831
2302 4527
4001 4645
3613 4140
3613 1495
3613 2548
3613 4527
2671 2811
1299 2044
1299 4344
1951 587
4259 2416
4004 3781
2727 140
3368 1261
3368 3671
3368 4815
2165 1194
2165 4624
2239 3386
2239 3808
2239 3868
1021 4890
2044 3711
423 1373
343 4328
4174 3110
179 105
2612 105
4370 3434
4370 116
910 3997
4987 1049
4987 3651
1193 223
2072 3889
4916 1561
4916 3673
3568 4940
3568 4585
3568 2097
1204 1234
1204 3777
1204 1746
1939 3856
1939 1814
1939 2914
1565 535
1565 3186
1565 3342
1565 2289
742 3185
742 3769
742 3103
970 2147
970 4900
2969 1923
2969 2336
3817 4266
1727 4413
1727 229
1536 2677
3373 1042
2485 1520
2485 2129
1931 1848
2533 1785
2533 2811
2533 597
722 665
2454 4220
2395 1972
3636 871
4661 2564
4661 975
3954 1154
3954 1264
1143 3700
1143 525
2225 1673
2225 3234
1084 507
1084 4314
1247 18
371 4716
371 2114
124 168
124 625
124 4706
124 2126
23 4533
23 4539
1643 622
1643 2737
4024 4771
4024 3579
4024 315
3361 1094
3361 4130
3983 4066
623 1886
623 1673
623 643
2309 281
3670 597
3670 4018
916 4226
916 221
916 412
916 2234
916 597
916 548
916 1751
3690 4529
3690 1785
3690 4476
1090 2223
1090 4708
3284 957
3284 4590
1045 2042
1045 2234
1045 1782
1045 173
4821 418
263 1637
263 3150
263 4729
3930 3950
1982 4529
1982 4208
1982 3901
2124 3604
2869 4100
2869 2127
4146 540
1987 3593
1987 3111
1987 2881
1987 4274
863 3741
1433 1296
1433 51
4366 4106
4366 2304
4490 3825
3609 2582
3609 4091
1234 1756
1234 1243
1124 1515
3700 3605
3700 4134
3700 458
1492 692
1492 3168
3301 3925
89 1861
2498 1966
2498 1574
4036 4971
4036 376
4036 811
2122 530
2122 1154
2122 435
2122 4067
2179 4562
3158 394
3158 4658
1261 525
1261 4093
2950 1676
3506 3805
3354 1458
3354 1973
3510 3386
3510 4499
3510 3860
1531 2056
1531 4616
1531 4824
1531 2092
3211 2389
3211 152
2979 1708
2979 277
2979 4716
4471 1139
4471 2341
2056 1748
1593 4649
2992 257
2992 1054
2992 4847
2992 3342
2992 3788
2992 4130
3451 3734
3454 301
3454 4980
3454 3998
370 2983
370 848
370 1459
370 2013
3517 811
3517 225
3517 1580
3532 2826
2118 874
2118 2875
2118 3853
937 3246
671 3154
671 4565
671 3219
671 1131
4687 787
4687 2253
404 3342
404 173
2359 3318
2359 2404
2636 4272
2617 4226
2617 430
4971 376
4971 2942
4971 869
4971 3108
503 198
503 2492
503 762
4192 3185
4192 1000
2151 2556
2151 1380
2151 3788
2827 3103
535 2102
2264 3097
4649 3511
4649 182
3871 2074
3707 4054
3707 70
1862 192
1862 1428
1862 3788
2223 1865
1196 979
1196 4716
4800 1836
784 2915
784 1980
784 2127
2658 2298
3307 2010
2496 3643
3626 3777
3626 3407
3869 643
3869 4996
3869 2721
3541 4539
3541 4360
512 2752
512 3588
1655 2756
2699 1083
40 337
1886 2970
3477 1912
4977 3089
3581 3997
3581 2411
787 3450
787 866
3754 427
4503 779
4845 2713
3825 1891
3825 1243
1830 4331
3689 801
3689 4689
3689 3845
3386 192
3386 3938
3386 3200
2147 3398
1537 874
1537 507
1537 3219
1537 2158
1537 4860
1923 712
4574 1105
4574 1057
839 3772
3531 2578
3599 3098
3599 3186
619 2897
619 4827
3889 3765
3889 27
3889 2078
3889 4336
3908 2586
1171 1456
3230 3995
3230 2461
3605 4069
1871 4345
4823 206
2500 4645
3610 4085
3610 2221
3610 2205
2564 2158
2564 822
1761 4693
1708 1428
1708 4122
1708 1782
1708 1487
376 1054
376 418
376 206
376 2737
4106 4540
2262 200
2726 4645
2853 2635
4331 4643
20 1710
1950 167
3185 2135
3630 1668
2107 1813
2107 3948
3963 799
3694 1475
3694 4689
3694 246
1120 4721
1120 139
4461 1656
1009 1341
228 643
228 4249
3665 1798
3665 4343
168 2126
527 3255
527 1933
840 3267
840 1372
3000 2899
1332 2725
1332 1459
1332 67
1332 4815
4140 557
4140 3083
3013 4855
4134 4693
4134 175
4910 4793
4910 4006
3769 1160
3769 2013
2176 1243
3462 1260
1464 476
146 2922
146 609
146 555
3671 2601
3671 1217
3671 2306
616 284
616 399
3037 668
1295 1387
1295 2013
2825 1160
388 1054
388 2698
2942 1499
2942 3685
557 275
411 2047
411 259
411 4688
3491 3738
3536 2871
2957 2683
2957 4595
2957 1025
2957 129
491 4693
491 2069
491 4887
1598 3444
1598 4586
1139 1217
1139 3103
1743 401
1743 4645
2889 1766
17 2236
17 339
2045 4226
2045 487
1632 819
2365 1778
4153 2338
4153 4699
2826 4383
3280 301
3280 3964
3280 267
198 2879
198 2319
1520 821
4504 1175
4504 2126
3795 4423
621 3926
800 3196
3339 1083
3339 2641
401 3019
4458 3374
2834 4631
1213 4533
1213 4635
2434 4993
4070 1000
530 4384
530 2773
1912 3033
2203 3154
2203 4333
2203 2899
2203 1263
38 3397
3149 255
3149 1699
3593 4806
3593 555
3352 2630
2788 330
2788 1411
1027 380
3215 3072
3215 4623
2808 2875
1637 2970
2586 3750
2586 531
629 1495
801 4585
4408 4887
4408 4400
2556 3450
2556 710
3154 950
3154 3901
3755 3708
3755 51
3755 2613
4737 3390
4737 2184
1860 2691
1860 3111
1860 1980
1860 2881
1860 645
1260 4476
1260 3424
458 2078
3267 3808
3267 3143
4423 1049
4423 4047
4423 3576
4423 4274
4423 1580
2403 339
4721 3808
4721 3453
4721 2047
4721 1358
1417 1137
808 3225
3776 4235
2725 1552
2725 3940
2725 2623
4065 647
4065 4534
1179 2135
837 2497
837 3861
837 596
1499 4848
161 4018
4396 4226
4396 1044
4396 4656
4396 1940
3765 150
3765 2094
2517 487
2517 4317
2052 265
493 2047
493 2863
493 46
2428 1607
2428 1706
2428 715
1607 1648
1607 3919
1375 4113
1375 4949
2558 4733
2558 2319
2558 3246
2558 2938
1223 3021
1794 25
2824 222
2236 1519
2236 4706
4771 3856
4771 894
734 3207
734 3946
2959 1357
1673 1386
1673 1358
1673 3713
1673 3200
4871 3971
1553 3244
1848 2036
2341 791
2550 277
2550 1386
3393 1771
1297 257
1297 643
1297 3186
1297 2127
9 1595
1203 1458
1049 979
1049 843
4848 2158
4848 3277
2677 1738
2836 4714
1458 844
957 1539
957 3150
2752 2694
2691 2487
2691 2007
1808 594
1808 3870
4554 4422
4554 4132
1858 3714
1345 232
3388 2697
85 4548
85 1025
2756 4706
5000 4300
3221 221
3221 597
3221 1131
2601 1333
2601 2053
1756 2912
1756 1746
221 4100
3859 4590
3859 812
4872 2766
4340 1656
3459 2750
1900 1118
3743 2849
3833 2694
3833 4327
3833 4476
3833 4046
1785 645
1785 1358
1785 231
4693 3623
4693 3228
3809 4557
3492 971
4880 3982
4880 2648
2970 1567
1683 345
1683 2674
3120 4589
811 612
811 2721
811 609
811 4130
2389 1215
2389 1094
3474 1459
2497 596
4945 1605
4945 687
3808 1277
3808 4249
4097 4564
4097 4969
4097 4158
952 1529
952 3362
952 1782
301 4940
4531 4249
4980 223
4980 2563
4218 2306
2278 820
874 4548
874 2294
3404 2794
3404 4256
3404 2003
4487 4107
4487 476
1449 2881
1449 1131
1449 173
3922 4369
3794 4006
94 3947
94 643
2686 4208
2686 818
1117 3563
3929 625
4053 2593
4053 4761
2642 394
2642 2061
4135 2230
4135 2887
3220 4726
192 2698
192 841
1439 3521
434 1735
434 525
4011 3302
4933 4714
4933 116
1275 2737
3651 4047
3651 4893
4842 1263
1028 1279
2322 3714
2322 2698
2322 3868
3697 507
3697 2811
3697 975
3697 1980
3334 3426
4100 1940
2487 4893
2487 3978
133 2247
2815 4760
4548 190
4235 1491
3914 560
60 805
1074 651
2936 3713
2936 2848
215 2922
3740 3309
3740 4400
2591 3219
2591 700
2591 2688
4193 4604
4193 851
3098 4369
3098 2074
581 4995
1387 3247
1387 3172
1605 1113
540 4789
2766 3971
394 3277
1166 3990
2207 330
4961 1838
2768 2986
2768 2715
507 3111
507 3219
507 2721
507 4046
507 1199
1776 4539
1776 1722
1495 2069
136 4066
341 2069
4972 1315
785 1560
785 4122
2915 483
2915 555
1012 1491
1012 2409
4911 2337
4556 4729
257 2459
4107 251
4266 116
1270 1367
3453 409
3453 4996
1861 2578
1861 4258
3921 531
3921 2449
3786 2698
3786 112
3947 4586
3947 152
1539 323
264 2781
4506 501
2016 3178
345 3255
345 4604
4054 1150
4054 1864
4054 70
2047 4499
104 4091
2947 4384
2947 1733
3178 1825
3178 3856
4047 1386
4047 841
4047 1658
3576 3938
2476 4307
1816 4604
1816 2003
1816 1933
2719 4216
2719 292
2719 2650
1642 4700
1642 763
1642 2563
1642 4585
4040 4995
3337 4406
3397 2921
3741 1919
2041 1486
2041 4995
3852 2798
2985 3850
3450 225
3450 841
2651 2973
820 2980
4557 4223
3390 4434
176 1044
4613 4476
4613 1580
1191 4249
2811 4996
182 1677
182 1778
3396 3734
2625 1590
484 4416
1897 65
3192 2587
3021 1315
1190 4020
1190 531
3718 2881
3718 3246
1096 3321
2983 1160
1200 676
3225 1889
2578 593
1335 4267
1279 324
1279 2061
1279 4658
848 2337
3019 4375
4110 1626
860 3601
1459 3449
2247 1751
975 206
1054 3200
4975 3432
3748 3240
3748 289
806 532
806 4221
3318 3247
464 1705
4657 2865
1491 2783
3111 2459
3111 344
1663 2161
571 372
4967 4124
156 1119
1906 1899
4037 3839
673 163
4981 2042
4499 4806
4499 612
3302 3691
2913 2441
3860 139
3860 881
3347 2896
1215 1626
1051 4446
487 843
4468 4919
3052 3693
3619 992
2053 1023
2053 531
2435 2196
2435 4537
4689 3894
3122 138
1760 894
2674 2865
7 3085
1177 2286
1177 4492
2816 4491
2863 4122
2863 139
2863 3713
2863 548
3982 4020
4152 246
4413 2074
1237 2688
2713 2663
4378 3703
4378 476
2007 3868
2986 3726
1560 139
2823 4442
799 231
799 344
4122 3588
4122 1199
1576 818
3407 4672
682 4834
682 2887
3227 4598
4317 2609
4700 4483
2794 2628
2794 4303
564 727
3856 3247
4939 2161
2493 2289
2493 822
4623 2673
1813 532
543 917
3219 4893
4322 4221
369 1831
1696 2433
1696 3632
3481 4760
1812 3584
2609 3714
2609 95
766 129
4220 330
3240 4808
324 4590
4733 1658
2130 805
2130 1326
3857 537
3857 3563
1870 4171
1870 4731
225 3200
4335 229
517 4784
517 3648
2628 3919
204 3422
3675 323
2873 46
4074 2736
3409 296
3409 1315
3239 727
1112 1648
1112 4849
1710 876
2875 2683
3844 2126
1515 2258
4208 587
2781 3015
150 2645
2654 268
4422 4256
4422 1648
4416 2629
4079 687
4079 1113
917 4304
2459 2114
1980 3055
1453 4919
4950 51
4219 267
4893 700
4893 2234
4893 1751
612 305
3584 4333
3584 1243
3998 3580
2069 2184
2399 275
2399 4434
2399 3940
4356 2298
1000 4995
537 4834
2380 4562
3623 2094
206 950
3186 497
3186 4327
3186 3150
3186 818
3464 2269
944 1656
2881 1386
27 485
3627 4706
4369 3416
2042 1602
2042 597
805 4385
3273 4221
3432 3093
3894 4930
3894 4143
497 112
844 4745
844 3926
284 3193
4406 3950
1386 3055
1386 822
48 2921
899 687
4716 1199
4716 1782
3861 3931
4767 2698
2368 3554
1993 2429
1993 4009
1993 339
2404 292
275 2449
3001 4656
1971 4912
645 4046
645 1626
824 4863
824 2092
2840 1648
2840 1119
4256 4849
4093 2757
3418 2736
4333 4446
2563 4702
171 689
2361 3927
2361 4699
4327 1658
1 4595
4446 4143
3647 1451
2908 555
2757 1686
3888 2097
1602 4598
4731 3771
4375 4694
2078 3228
4598 3901
1620 2073
2669 929
2669 4272
3685 4996
3685 4688
483 2257
483 651
3691 2548
1699 4962
305 2883
305 4046
2319 4249
2922 430
2922 1658
3997 4566
3978 3108
3978 2289
3978 822
2883 3868
1992 1580
3444 2737
4824 704
4539 1583
79 3408
2196 1578
3384 956
992 3350
2221 1740
95 3097
95 3441
4390 967
4996 3277
251 3673
269 2036
4312 2587
1046 4343
4257 3870
1814 3113
231 4476
231 3588
4983 3467
265 1831
2129 4826
744 2623
689 1170
4274 1487
3901 2289
597 841
597 822
4719 4483
4719 4383
2721 4688
3713 4314
1534 539
3868 173
2645 1855
3807 3759
3807 2163
2074 3416
3851 4046
3759 3940
2205 4985
67 4917
4046 1940
2848 3788
2848 173
3244 4311
3362 609
841 609
1264 2258
4123 3771
762 812
1422 2286
1626 4843
1597 2465
1597 555
3108 2323
554 4400
4660 3648
1567 3408
1094 4694
4855 2548
2289 1167
4694 4249
3305 2688
4595 46
548 2114
548 1487
318 4612
843 2465
292 2013
2441 358
3200 4843
3200 1857
4669 4360
2114 2257
4815 2623
289 2127
2461 2163
4537 1578
3912 3926
3067 2468
2582 2938
4580 1118
1658 3277
1658 2102
2914 2468
246 1243
